-30.382718 -79.524335 -577218.9420 984526.1425 1 1
-31.263673 -79.598090 -588095.5454 968630.2102 1 1
-31.859748 -79.567764 -599893.7607 965280.5673 1 1
-32.233881 -79.537653 -607943.0463 964132.3506 1 1
-32.378300 -79.537263 -610394.1872 962632.9927 1 1
-32.420966 -79.570746 -609144.7580 959082.6366 1 1
-32.396627 -79.636274 -604892.3335 953281.8528 1 1
-32.380490 -79.670000 -602645.9714 950333.2084 1 1
-31.986760 -79.689058 -594995.7585 952682.0668 1 1
-31.846858 -79.706781 -591643.7618 952483.4934 1 1
-31.712228 -79.732961 -587897.1859 951432.4236 1 1
-31.718144 -79.760770 -586394.6184 948781.6394 1 1
-31.698717 -79.813332 -583049.0411 944084.1364 1 1
-31.644261 -79.873453 -578698.3997 939034.6364 1 1
-31.301262 -79.902839 -571395.2623 939733.4951 1 1
-30.907494 -79.918336 -564052.1107 942182.7102 1 1
-30.752628 -79.951501 -559647.1184 940584.0656 1 1
-30.493714 -79.952225 -555350.8279 943035.2065 1 1
-30.312059 -79.971360 -551301.0425 942982.9954 1 1
-30.092854 -79.993008 -546501.2571 943035.2065 1 1
-29.735878 -80.003412 -540050.4020 945433.0664 1 1
-29.513299 -80.011179 -535954.8248 946784.1361 1 1
-29.425928 -80.031808 -533401.1875 945633.7796 1 1
-29.105849 -80.087391 -525151.1886 943283.8512 1 1
-28.824579 -80.114162 -519101.7600 943283.8512 1 1
-28.448046 -80.149406 -511054.4002 943283.8512 1 1
-28.166858 -80.169460 -505383.0743 943845.9767 1 1
-29.330816 -79.307788 -570667.9443 1015637.9785 1 2
-29.555828 -79.268068 -576798.8993 1017174.7829 1 2
-29.626487 -79.270036 -577946.2600 1016275.2110 1 2
-29.747544 -79.292902 -578849.0416 1012876.5666 1 2
-29.900395 -79.282921 -582094.2623 1012276.7807 1 2
-30.029780 -79.267990 -585197.4003 1012376.0674 1 2
-30.396872 -79.300037 -589894.9032 1005577.2809 1 2
-30.606703 -79.304102 -593346.8286 1003026.8533 1 2
-30.823098 -79.313699 -596592.0493 999875.7838 1 2
-31.054506 -79.286864 -602142.2625 999976.9963 1 2
-31.294650 -79.269946 -607291.0493 999028.4230 1 2
-31.456024 -79.266595 -610294.0446 997627.2819 1 2
-31.552232 -79.227755 -614195.3279 1000227.7809 1 2
-31.456547 -79.195937 -614343.6161 1004226.4251 1 2
-31.013209 -79.145632 -609395.3286 1013674.7120 1 2
-30.710537 -79.098977 -606643.3318 1021275.9236 1 2
-30.660318 -79.086472 -606446.8982 1022986.2657 1 2
-30.666022 -80.477875 -528849.8329 891889.0649 1 3
-30.843634 -80.472613 -531907.1791 890739.5644 1 3
-31.056007 -80.466437 -535553.6123 889340.5631 1 3
-31.312821 -80.450303 -540451.6145 888438.8514 1 3
-31.505140 -80.444733 -543749.0463 887139.1369 1 3
-31.665249 -80.439104 -546549.1886 886140.2783 1 3
-31.836228 -80.428504 -549802.7545 885490.4210 1 3
-32.038111 -80.421029 -553353.1107 884240.7778 1 3
-32.313622 -80.405651 -558497.8318 882991.3486 1 3
-32.480686 -80.410201 -560802.8244 880939.2804 1 3
-32.676894 -80.404472 -564154.6071 879541.1351 1 3
-32.877847 -80.406815 -567096.8321 877341.8486 1 3
-33.109941 -80.417676 -569997.1170 874042.2770 1 3
-33.201475 -80.435043 -570352.5378 871541.0648 1 3
-33.457037 -80.453085 -573146.2607 867341.9213 1 3
-33.709399 -80.481297 -575248.4002 862242.1359 1 3
-33.912913 -80.499475 -577198.1859 858543.4916 1 3
-33.985060 -80.494218 -578600.1829 858292.7071 1 3
-34.048134 -80.496570 -579400.6821 857442.1366 1 3
-34.111149 -80.502195 -579998.3282 856294.9898 1 3
-34.193262 -80.496890 -581550.9671 855942.7787 1 3
-34.338910 -80.507065 -583097.1866 853542.7790 1 3
-34.369655 -80.516884 -582948.8984 852343.4211 1 3
-34.407981 -80.535812 -582349.1125 850245.3472 1 3
-34.465598 -80.550400 -582300.9670 848343.9210 1 3
-34.541012 -80.549088 -583498.3991 847694.9196 1 3
-34.625314 -80.566763 -583646.6872 845244.8486 1 3
-34.685127 -80.568882 -584396.9011 844444.5634 1 3
-34.935441 -80.572643 -587844.9748 841546.2043 1 3
-34.965097 -80.578758 -587897.1859 840693.7080 1 3
-35.038235 -80.587091 -588446.6866 839196.4899 1 3
-35.259784 -80.597941 -591002.2497 835945.9198 1 3
-35.537753 -80.602690 -594749.0395 832646.3482 1 3
-35.781700 -80.589288 -599145.6866 831295.4924 1 3
-35.928284 -80.592833 -601043.0472 829446.0633 1 3
-36.083107 -80.627598 -601043.0472 824746.4205 1 3
-36.247968 -80.659510 -601350.3225 820199.3455 1 3
-36.433516 -80.676553 -602896.5420 816748.2761 1 3
-36.578378 -80.679093 -604794.1166 814998.3477 1 3
-36.635402 -80.700712 -604194.3307 812499.0613 1 3
-36.683929 -80.709708 -604294.6873 811198.2768 1 3
-36.752738 -80.741360 -603197.6119 807699.0619 1 3
-36.873280 -80.802282 -600898.8247 801099.9187 1 3
-36.867457 -80.838411 -598447.6838 798001.0603 1 3
-36.849443 -80.885709 -595095.9011 794051.6315 1 3
-36.867933 -80.922402 -592945.6161 790650.6334 1 3
-36.971489 -80.963929 -591643.7618 785951.2046 1 3
-36.981544 -81.008549 -588847.8991 781951.4904 1 3
-37.062832 -81.029916 -588549.1830 779251.7048 1 3
-37.275380 -81.057335 -589621.0088 774678.5242 1 3
-37.563173 -81.079902 -592001.1084 769752.0627 1 3
-66.552249 -81.969720 -801720.3386 347728.9378 1 4
-66.313521 -81.950622 -802173.7622 351903.9016 1 4
-66.191059 -81.969121 -799572.1934 352802.4036 1 4
-65.939934 -81.968058 -798124.1907 356350.8339 1 4
-65.780910 -81.971674 -796772.0511 358402.6881 1 4
-65.666805 -81.988073 -794425.5464 359251.1188 1 4
-65.615966 -81.995919 -793326.3312 359602.2600 1 4
-65.748917 -82.017340 -792026.6166 356799.9779 1 4
-65.785447 -82.037236 -790273.2645 355404.1864 1 4
-65.879943 -82.069705 -787623.5502 352651.9756 1 4
-65.984594 -82.117274 -783523.6934 349099.6937 1 4
-65.994279 -82.146954 -780623.4085 347649.3372 1 4
-65.945771 -82.165093 -778521.0550 347503.1889 1 4
-66.099815 -82.201423 -775827.4747 343802.4048 1 4
-66.160750 -82.220090 -774329.1868 342153.6889 1 4
-66.066957 -82.229548 -772824.6934 343002.1196 1 4
-66.027297 -82.247218 -770825.0503 342753.4748 1 4
-65.868911 -82.251251 -769472.9107 344703.0466 1 4
-65.924415 -82.286184 -766325.9068 342402.3336 1 4
-65.929851 -82.307041 -764280.2580 341401.3352 1 4
-65.744324 -82.312001 -762677.3338 343651.9768 1 4
-65.560691 -82.301864 -762579.1170 346552.2618 1 4
-65.447913 -82.280891 -763977.2623 349003.6166 1 4
-65.325302 -82.266305 -764675.0511 351302.1898 1 4
-65.168997 -82.268204 -763525.7645 353299.9071 1 4
-65.150127 -82.306405 -759626.6210 351799.4793 1 4
-65.081533 -82.357721 -754126.4790 350349.3369 1 4
-65.016483 -82.379470 -751577.1213 350202.9745 1 4
-64.808146 -82.371581 -751077.6920 353299.9071 1 4
-64.515324 -82.354167 -750977.5494 357951.4043 1 4
-80.362613 -79.562004 -1121085.4886 190369.9716 1 5
-80.422162 -79.572140 -1120188.0565 189019.9718 1 5
-80.514650 -79.568955 -1120835.7739 187268.9734 1 5
-80.595697 -79.566764 -1121336.2732 185722.5400 1 5
-80.738282 -79.558974 -1122637.0576 183068.7600 1 5
-80.856472 -79.529156 -1126236.6291 181271.5420 1 5
-80.906739 -79.506598 -1128834.9883 180673.8959 1 5
-81.014695 -79.487543 -1131234.9880 178872.6122 1 5
-81.126328 -79.460710 -1134485.3442 177121.6139 1 5
-81.148499 -79.446573 -1136083.9887 176920.9006 1 5
-81.165568 -79.436884 -1137185.3438 176745.4370 1 5
-85.242994 -77.754704 -1330764.0626 110741.8082 1 6
-85.162946 -77.751914 -1330913.4207 112626.7580 1 6
-85.064903 -77.749229 -1331012.7074 114929.3968 1 6
-84.991762 -77.744231 -1331411.7801 116676.3295 1 6
-84.905412 -77.734837 -1332262.3506 118774.4034 1 6
-84.863476 -77.716689 -1334160.7812 119927.9696 1 6
-84.826333 -77.708652 -1334962.1363 120872.4773 1 6
-84.780569 -77.684454 -1337512.5639 122180.5370 1 6
-84.633094 -77.669667 -1338811.2085 125774.7591 1 6
-84.604947 -77.650808 -1340812.1355 126627.2554 1 6
-84.483308 -77.631431 -1342659.4248 129678.1823 1 6
-84.395355 -77.618619 -1343859.8526 131876.6128 1 6
-84.357759 -77.575298 -1348510.2800 133226.3986 1 6
-84.292464 -77.556060 -1350461.1356 134973.3313 1 6
-84.253050 -77.540589 -1352059.5662 136072.5466 1 6
-84.245717 -77.524424 -1353809.7086 136423.6878 1 6
-84.222466 -77.506096 -1355758.2105 137175.8275 1 6
-84.155820 -77.490905 -1357258.6383 138922.7602 1 6
-84.093178 -77.482417 -1358033.8878 140502.5745 1 6
-84.028478 -77.479820 -1358158.2102 142065.6984 1 6
-83.972901 -77.480254 -1357972.2616 143378.0378 1 6
-83.930696 -77.482180 -1357655.7852 144355.9264 1 6
-80.335010 -77.755234 -1316352.7236 224180.5234 1 7
-80.472895 -77.746696 -1317813.3511 221167.2571 1 7
-80.557237 -77.752908 -1317464.3497 219115.1889 1 7
-80.613223 -77.764556 -1316415.4198 217619.0407 1 7
-80.660979 -77.775922 -1315364.3500 216319.1122 1 7
-80.705228 -77.794982 -1313464.8495 214965.0468 1 7
-80.766604 -77.811409 -1311913.2806 213268.3994 1 7
-80.829508 -77.817695 -1311464.9925 211717.9003 1 7
-80.898794 -77.821424 -1311315.6344 210067.0446 1 7
-80.950002 -77.825914 -1311015.8484 208817.4014 1 7
-80.993364 -77.837971 -1309865.4920 207617.8295 1 7
-81.058567 -77.850282 -1308765.2068 205916.9025 1 7
-81.114901 -77.853990 -1308564.7075 204567.1166 1 7
-81.191073 -77.857399 -1308465.4208 202769.8986 1 7
-81.302920 -77.857327 -1308866.6333 200216.4753 1 7
-81.422891 -77.851502 -1309915.5633 197570.8266 1 7
-81.532370 -77.845300 -1310964.4932 195167.8312 1 7
-81.616978 -77.842880 -1311514.2079 193270.4705 1 7
-81.685995 -77.851292 -1310831.8256 191556.9187 1 7
-75.029936 -76.587676 -1414027.1043 378095.6955 1 8
-75.320793 -76.611394 -1413402.2827 370250.9747 1 8
-75.477854 -76.606789 -1414902.7105 366502.2591 1 8
-75.565505 -76.633592 -1412604.1373 363601.7602 1 8
-75.606947 -76.654821 -1410603.2103 361999.0500 1 8
-75.678369 -76.659993 -1410501.7838 360099.5495 1 8
-75.814857 -76.653914 -1412004.3514 356902.4744 1 8
-75.907448 -76.632152 -1414902.7105 355203.4732 1 8
-76.078287 -76.591942 -1420252.2105 352048.1241 1 8
-76.171940 -76.579539 -1422151.7109 350052.5466 1 8
-76.311520 -76.582793 -1422652.2102 346502.1904 1 8
-76.463841 -76.569857 -1424952.9231 343052.1909 1 8
-76.617498 -76.541537 -1428901.2821 339951.1927 1 8
-76.739645 -76.478312 -1436398.9273 338501.0503 1 8
-76.910280 -76.394882 -1446349.8532 336302.6198 1 8
-77.005855 -76.355833 -1451099.5673 334856.5429 1 8
-77.109788 -76.342396 -1453147.3559 332553.9041 1 8
-77.184168 -76.314273 -1456598.4253 331354.3323 1 8
-77.268751 -76.293685 -1459298.2110 329703.4766 1 8
-77.394407 -76.260395 -1463596.6412 327302.6210 1 8
-77.469222 -76.216015 -1468795.7133 326452.0505 1 8
-77.575170 -76.135184 -1478094.6421 325651.7653 1 8
-77.570128 -76.060589 -1486093.8565 327551.2657 1 8
-77.574372 -76.007397 -1491843.4991 328702.6921 1 8
-77.591011 -75.993433 -1493442.1437 328600.1957 1 8
-77.664633 -75.992685 -1493943.7128 326698.5554 1 8
-77.785366 -76.009722 -1492793.3563 323152.4789 1 8
-77.856728 -76.015774 -1492542.5717 321152.6218 1 8
-77.951593 -76.016966 -1492943.7842 318653.5494 1 8
-77.963684 -76.037994 -1490744.2838 317855.1900 1 8
-78.002854 -76.046044 -1490093.3567 316651.5525 1 8
-78.120744 -76.053915 -1489892.8574 313406.3318 1 8
-78.162405 -76.079194 -1487393.5710 311751.4105 1 8
-78.242005 -76.104973 -1485043.8566 309105.7618 1 8
-78.313926 -76.131262 -1482593.7856 306654.6209 1 8
-78.323469 -76.149329 -1480695.1411 306004.7636 1 8
-78.359912 -76.163173 -1479395.4266 304755.1204 1 8
-78.388096 -76.171055 -1478694.4281 303852.5528 1 8
-78.362864 -76.195751 -1475895.3557 303954.8352 1 8
-78.353107 -76.213813 -1473894.4287 303804.4073 1 8
-78.370769 -76.247551 -1470347.2823 302600.7698 1 8
-78.346080 -76.269069 -1467895.0715 302755.4773 1 8
-78.258030 -76.280480 -1466197.3541 304755.1204 1 8
-78.175496 -76.309779 -1462597.7826 306205.4768 1 8
-78.180248 -76.322089 -1461295.9283 305806.4041 1 8
-78.233579 -76.326098 -1461147.6401 304356.0477 1 8
-78.266767 -76.339801 -1459845.7858 303202.6955 1 8
-78.305715 -76.362555 -1457597.2840 301702.2677 1 8
-78.323673 -76.380121 -1455797.0702 300853.8370 1 8
-78.282613 -76.404528 -1452948.9964 301351.1266 1 8
-78.268576 -76.424715 -1450698.3548 301255.0495 1 8
-78.230492 -76.440938 -1448748.7830 301854.8355 1 8
-83.660881 -78.857789 -1206879.2717 134074.8293 1 9
-83.659133 -78.881185 -1204325.6344 133828.3244 1 9
-83.567704 -78.907655 -1201226.7761 135424.8291 1 9
-83.480711 -78.929601 -1198629.2728 136975.3282 1 9
-83.399913 -78.964561 -1194627.6329 138224.9714 1 9
-83.355299 -78.963110 -1194677.7042 139173.5448 1 9
-83.352659 -78.983249 -1192478.4177 138973.0455 1 9
-83.317813 -79.008649 -1189628.2041 139374.2580 1 9
-83.274656 -79.023758 -1187878.0617 140076.3264 1 9
-83.240395 -79.032173 -1186878.1332 140678.0381 1 9
-83.152924 -79.067840 -1182780.4162 142023.7584 1 9
-83.102214 -79.074957 -1181879.7744 142976.8253 1 9
-82.884798 -79.151264 -1173029.9895 146424.6850 1 9
-82.832013 -79.164268 -1171480.5603 147327.4666 1 9
-82.733831 -79.208383 -1166430.8463 148723.2582 1 9
-82.665765 -79.235723 -1163281.9166 149726.3964 1 9
-82.577833 -79.256136 -1160832.7016 151222.5446 1 9
-82.519781 -79.282330 -1157833.1299 152024.9696 1 9
-46.928434 -82.435404 -601245.9003 562076.5554 1 10
-46.801705 -82.481969 -596297.6128 559927.3403 1 10
-46.648921 -82.531214 -590895.6877 557827.3406 1 10
-46.559278 -82.580176 -586143.8338 555078.3395 1 10
-46.376574 -82.636208 -579946.1171 552727.5552 1 10
-46.318787 -82.694381 -574799.2562 548929.6242 1 10
-46.110342 -82.764310 -567301.6109 545729.3393 1 10
-45.890103 -82.814054 -561304.1795 544129.6249 1 10
-45.612464 -82.858293 -555213.0248 543468.2127 1 10
-45.339749 -82.901668 -549255.3937 542779.8390 1 10
-45.216871 -82.922194 -546501.2571 542379.6964 1 10
-45.195262 -82.909882 -547249.3312 543531.9787 1 10
-45.316293 -82.846573 -553305.1791 547229.7671 1 10
-45.125306 -82.793218 -555601.6125 553176.6993 1 10
-45.001175 -82.780914 -555350.8279 555328.0542 1 10
-44.932422 -82.772041 -555367.5184 556679.1239 1 10
-44.806647 -82.729019 -557451.0416 561226.1989 1 10
-44.663816 -82.714020 -557200.2571 563777.6964 1 10
-44.621539 -82.692278 -558449.9003 565876.6262 1 10
-44.510634 -82.674664 -558700.4709 568326.6972 1 10
-44.443635 -82.654794 -559553.1812 570527.0536 1 10
-44.336476 -82.632316 -560198.7588 573326.3399 1 10
-44.358045 -82.620651 -561304.1795 574025.1986 1 10
-44.297096 -82.596914 -562501.6116 576475.2696 1 10
-44.280837 -82.583598 -563352.1821 577674.8415 1 10
-44.184171 -82.571456 -563299.9710 579574.3420 1 10
-44.101703 -82.569023 -562649.8997 580575.1264 1 10
-44.015433 -82.576641 -561197.6175 580823.9852 1 10
-43.977896 -82.575588 -560896.7616 581274.1991 1 10
-43.932112 -82.546287 -562649.8997 584024.2700 1 10
-43.977621 -82.524023 -564800.1847 585325.0545 1 10
-44.003239 -82.518901 -565450.0420 585474.4125 1 10
-44.014971 -82.505321 -566599.3286 586424.0557 1 10
-44.016434 -82.494934 -567401.7536 587224.5549 1 10
-44.051412 -82.493075 -567901.1829 587023.8417 1 10
-44.028115 -82.481353 -568551.2541 588174.1982 1 10
-44.055994 -82.475264 -569299.3282 588374.9114 1 10
-44.099069 -82.467907 -570300.1127 588523.1995 1 10
-44.093458 -82.453300 -571351.3964 589723.6273 1 10
-44.062918 -82.439326 -572097.3307 591123.6985 1 10
-44.093301 -82.432253 -572947.6872 591374.4830 1 10
-44.055401 -82.399470 -575043.6213 594323.9834 1 10
-44.017581 -82.390270 -575348.7568 595425.3384 1 10
-43.935053 -82.367727 -576197.1875 598024.7675 1 10
-43.780756 -82.341692 -576550.2545 601625.4089 1 10
-43.674201 -82.311579 -577699.5411 605073.2687 1 10
-43.617847 -82.301669 -577850.1830 606424.1244 1 10
-43.577178 -82.286000 -578598.2571 608072.8403 1 10
-43.529538 -82.269957 -579298.1857 609822.9827 1 10
-43.455089 -82.256107 -579544.9046 611672.4119 1 10
-43.412327 -82.242637 -580098.4709 613172.6256 1 10
-43.343391 -82.228123 -580447.4722 615022.0548 1 10
-43.336508 -82.215140 -581345.9743 616122.3399 1 10
-43.283509 -82.206179 -581446.3309 617371.7692 1 10
-43.291584 -82.202620 -581799.6119 617572.4824 1 10
-65.888801 -84.102479 -585370.7241 261986.2959 1 11
-65.789891 -84.106751 -584493.1921 262805.6253 1 11
-65.657031 -84.110114 -583548.4704 264009.2628 1 11
-65.606152 -84.123861 -581950.0398 263908.9062 1 11
-65.566505 -84.136136 -580549.9687 263758.4782 1 11
-65.516778 -84.143963 -579544.9046 263908.9062 1 11
-65.333427 -84.136374 -579448.6136 266107.1227 1 11
-65.197825 -84.141124 -578347.4725 267260.6889 1 11
-65.163167 -84.152151 -577095.6895 267105.9813 1 11
-65.245623 -84.171135 -575601.6812 265409.3339 1 11
-65.143259 -84.173962 -574847.1877 266307.8359 1 11
-64.855093 -84.171431 -573750.1122 269312.7571 1 11
-64.507347 -84.159311 -573296.6886 273358.2630 1 11
-64.112883 -84.146555 -572651.1109 277905.3380 1 11
-63.950799 -84.157419 -570799.5420 279004.5532 1 11
-63.719983 -84.145863 -570799.5420 281859.0464 1 11
-63.464738 -84.148850 -569247.1171 284253.6966 1 11
-63.402103 -84.169751 -566900.3984 283856.5497 1 11
-63.120368 -84.149143 -567499.9704 287655.5506 1 11
-62.951700 -84.163608 -565247.4029 288608.4036 1 11
-62.849388 -84.155738 -565493.9079 290008.4747 1 11
-62.585460 -84.129866 -566653.6795 293907.8323 1 11
-62.367270 -84.094405 -568952.4666 297855.1213 1 11
-62.292070 -84.049938 -572849.4704 300853.8370 1 11
-62.144386 -84.008150 -576096.8309 304456.4043 1 11
-61.906818 -83.975719 -577946.2600 308506.1898 1 11
-61.668060 -83.956530 -578495.7607 311903.9782 1 11
-61.293934 -83.950241 -577047.7580 316003.8350 1 11
-61.143811 -83.935259 -577647.3300 318302.4082 1 11
-60.974894 -83.896491 -580399.5407 322053.2636 1 11
-60.820742 -83.855290 -583450.2536 325802.1932 1 11
-60.688133 -83.816849 -586346.6869 329202.1214 1 11
-60.485613 -83.797730 -586992.2645 332298.8400 1 11
-60.365245 -83.767663 -589140.4097 335151.1934 1 11
-60.244719 -83.740603 -590993.9045 337853.1188 1 11
-60.049377 -83.711922 -592546.5434 341426.3709 1 11
-77.146796 -80.159256 -1044895.9838 238415.1150 1 12
-76.883517 -80.130688 -1046834.0006 243923.3881 1 12
-76.813899 -80.153837 -1044070.4489 244617.3253 1 12
-76.735533 -80.187072 -1040195.2711 245210.6918 1 12
-76.607003 -80.241521 -1033846.9125 246163.5448 1 12
-76.634547 -80.259544 -1032046.6988 245210.6918 1 12
-76.535839 -80.329328 -1024197.9124 245210.6918 1 12
-76.624196 -80.367642 -1020497.1283 242661.3341 1 12
-76.698574 -80.398191 -1017559.1829 240567.5398 1 12
-76.586302 -80.442496 -1012371.6657 241436.7266 1 12
-76.384806 -80.486405 -1006848.6279 243864.9716 1 12
-76.397253 -80.510885 -1004299.2702 243016.5409 1 12
-76.020009 -80.588857 -994402.6952 247563.6159 1 12
-75.961624 -80.613814 -991502.1963 247914.7571 1 12
-75.890944 -80.616576 -990902.6244 249064.0437 1 12
-75.827689 -80.664928 -985500.6993 248863.3304 1 12
-75.643195 -80.704538 -980498.2748 250961.4043 1 12
-75.382339 -80.728543 -976805.8359 254760.4052 1 12
-75.200710 -80.750034 -973721.5282 257255.4120 1 12
-75.165091 -80.752692 -973280.5154 257786.2964 1 12
-74.837529 -80.792357 -967605.1239 262212.0448 1 12
-74.483029 -80.837978 -961158.5484 266859.4764 1 12
-74.301540 -80.809034 -963354.6252 270758.8339 1 12
-74.112116 -80.793357 -964102.6993 274411.4725 1 12
-73.750124 -80.833815 -958103.3420 279259.4034 1 12
-73.436873 -80.878256 -951905.6253 283108.4756 1 12
-73.040266 -80.942736 -943181.2327 287634.7946 1 12
-72.765973 -80.960108 -939979.8779 291584.2234 1 12
-72.695045 -80.967354 -938862.0464 292512.0407 1 12
-72.606482 -80.967376 -938406.4830 293962.1832 1 12
-72.569143 -80.954016 -939607.9807 295011.1131 1 12
-72.597968 -80.938147 -941411.4041 295057.1188 1 12
-72.645221 -80.918946 -943657.7662 294906.6909 1 12
-72.658912 -80.896630 -946056.6960 295408.2600 1 12
-72.613854 -80.870404 -948560.0480 297008.8304 1 12
-72.596362 -80.845577 -951059.1204 298110.1855 1 12
-72.570721 -80.808355 -954808.0500 299754.6218 1 12
-72.522221 -80.770471 -958504.5545 301806.6900 1 12
-72.434556 -80.730044 -962255.6239 304606.8323 1 12
-72.377574 -80.727132 -962255.6239 305660.0418 1 12
-72.323772 -80.746920 -959906.7654 305906.5468 1 12
-72.297707 -80.758542 -958556.9796 305956.8321 1 12
-72.102874 -80.754254 -957957.1937 309358.6861 1 12
-71.908249 -80.752797 -957052.2722 312660.3975 1 12
-71.831564 -80.730414 -958958.1921 314704.1205 1 12
-71.754773 -80.713869 -960253.6270 316555.4755 1 12
-71.655313 -80.709950 -960109.4045 318356.7591 1 12
-71.561263 -80.699198 -960700.8452 320304.1911 1 12
-71.510218 -80.706518 -959655.9809 320906.1168 1 12
-71.384139 -80.692462 -960404.0550 323507.6857 1 12
-71.316283 -80.667956 -962558.6196 325503.2631 1 12
-71.250923 -80.667795 -962203.4128 326606.7580 1 12
-71.231791 -80.659939 -962907.6210 327204.4041 1 12
-71.238944 -80.653613 -963603.4839 327306.6866 1 12
-71.196753 -80.644036 -964353.4838 328353.6907 1 12
-71.222110 -80.634762 -965458.9045 328253.3341 1 12
-71.175934 -80.628386 -965853.9116 329256.2584 1 12
-71.199566 -80.614234 -967454.6960 329356.6150 1 12
-71.131044 -80.600264 -968505.7657 331007.4707 1 12
-71.105931 -80.591126 -969306.0509 331755.5448 1 12
-71.074616 -80.582140 -970054.1250 332603.9755 1 12
-71.046452 -80.566033 -971556.4786 333652.9054 1 12
-71.002290 -80.551964 -972753.9107 334902.5486 1 12
-70.955910 -80.559971 -971654.6954 335404.1177 1 12
-70.952555 -80.571404 -970453.1977 335052.9766 1 12
-70.889008 -80.592937 -967855.9085 335358.1120 1 12
-70.773813 -80.619336 -964453.8404 336352.6911 1 12
-70.712639 -80.635227 -962453.9834 336808.2545 1 12
-70.587813 -80.642130 -961005.9807 338653.4040 1 12
-70.511381 -80.649882 -959754.1977 339652.2627 1 12
-70.405359 -80.677721 -956256.2666 340406.7562 1 12
-70.374809 -80.686143 -955207.1227 340607.2554 1 12
-70.359854 -80.705206 -953155.0545 340155.9716 1 12
-70.380376 -80.734042 -950306.9807 338755.9005 1 12
-70.397139 -80.744236 -949356.0536 338103.9034 1 12
-70.374794 -80.792446 -944259.4779 336703.8323 1 12
-70.360678 -80.829997 -940310.0491 335556.6855 1 12
-70.289047 -80.822543 -940656.9107 337006.8279 1 12
-70.227808 -80.833621 -939156.4829 337602.3343 1 12
-70.243689 -80.854962 -937054.3434 336553.4043 1 12
-70.242097 -80.877213 -934755.7702 335757.1847 1 12
-70.164642 -80.896567 -932310.8347 336302.6198 1 12
-70.071705 -80.915607 -929807.4827 337105.0448 1 12
-70.081733 -80.938059 -927558.9809 336106.1861 1 12
-79.227846 -79.964832 -1073767.4493 204291.2964 1 13
-79.339691 -79.985964 -1071891.0586 201766.9744 1 13
-79.439030 -79.992891 -1071493.9118 199769.2571 1 13
-79.537440 -80.003528 -1070690.6308 197717.1889 1 13
-79.590224 -80.021911 -1068893.4128 196367.1891 1 13
-79.599883 -80.025906 -1068496.4799 196108.0593 1 13
-79.585449 -80.028738 -1068142.1290 196321.1834 1 13
-79.579307 -80.029658 -1068022.0863 196417.4744 1 13
-47.870677 -82.891634 -573499.5416 518729.9849 1 14
-47.789489 -82.832419 -577547.1873 523880.9114 1 14
-47.695724 -82.790798 -580046.2597 527880.6256 1 14
-47.612956 -82.747137 -582800.3963 531928.2713 1 14
-47.562887 -82.736479 -583193.2636 533221.7804 1 14
-47.529542 -82.729426 -583450.2536 534080.4821 1 14
-47.510852 -82.704865 -585251.5372 536080.3392 1 14
-47.446407 -82.687370 -586053.9622 538028.8411 1 14
-47.401627 -82.667815 -587203.4628 539930.4813 1 14
-47.365740 -82.612592 -591296.9002 544378.2696 1 14
-47.242376 -82.538616 -596048.7540 551128.9107 1 14
-47.078258 -82.468735 -600050.6080 558025.9140 1 14
-46.928434 -82.435404 -601245.9003 562076.5554 1 14
