-80.394345 -79.832002 -1092040.4853 184815.6927 1 1
-80.128586 -79.861957 -1087940.6285 189316.7620 1 1
-80.034651 -79.890132 -1084590.9856 190566.4052 1 1
-79.736723 -79.940666 -1078142.2704 195217.9025 1 1
-79.312288 -79.961811 -1074392.2709 202769.8986 1 1
-79.212497 -79.963174 -1073890.9157 204612.9084 1 1
-78.930376 -80.007648 -1068093.1276 208963.5497 1 1
-78.569247 -80.018012 -1065643.0566 215466.6159 1 1
-78.351590 -80.031300 -1063392.4150 219219.6111 1 1
-78.113854 -80.038584 -1061693.6278 223465.8302 1 1
-77.441344 -80.015226 -1061492.9145 236467.6830 1 1
-77.071520 -79.990857 -1062543.9843 243910.9773 1 1
-77.005142 -79.985850 -1062794.7688 245265.0427 1 1
-76.656790 -79.952434 -1064842.7714 252566.2543 1 1
-76.574112 -79.934447 -1066392.2006 254559.6920 1 1
-76.497622 -79.915735 -1068043.0563 256461.3323 1 1
-76.430770 -79.894115 -1070043.7693 258262.6159 1 1
-76.330399 -79.851538 -1074118.5904 261238.2218 1 1
-76.304194 -79.823410 -1076990.8440 262458.5497 1 1
-76.157933 -79.786969 -1080191.1289 266161.4736 1 1
-76.120667 -79.760409 -1082840.8432 267561.5448 1 1
-76.094767 -79.731519 -1085790.3435 268811.1880 1 1
-76.057782 -79.683311 -1090739.7009 270783.8696 1 1
-76.009722 -79.620471 -1097189.4861 273362.3286 1 1
-76.012539 -79.590011 -1100439.8423 274114.6823 1 1
-76.012001 -79.552824 -1104389.2711 275109.4753 1 1
-76.063339 -79.517052 -1108437.9867 275063.4696 1 1
-76.135693 -79.484576 -1112238.0575 274515.8948 1 1
-76.237734 -79.439337 -1117538.3421 273713.4698 1 1
-76.356597 -79.390187 -1123336.1302 272664.5398 1 1
-76.565035 -79.331859 -1130535.9153 270060.8312 1 1
-76.682891 -79.308911 -1133535.7009 268313.8984 1 1
-76.812486 -79.294426 -1135684.9160 266111.4023 1 1
-76.969365 -79.277799 -1138184.2024 263411.6166 1 1
-77.238221 -79.269577 -1140286.3420 258266.8955 1 1
-77.556121 -79.264135 -1142284.0592 252064.6852 1 1
-78.029254 -79.255664 -1145234.6295 242816.0416 1 1
-78.416153 -79.249262 -1147535.3424 235218.0398 1 1
-78.748475 -79.248769 -1148933.2738 228568.8253 1 1
-79.122554 -79.246145 -1150683.4162 221116.9718 1 1
-79.549305 -79.239802 -1152981.9893 212666.4736 1 1
-79.800526 -79.236758 -1154231.6325 207668.1148 1 1
-80.003023 -79.235137 -1155133.3443 203618.3293 1 1
-80.173804 -79.240710 -1155133.3443 200070.1130 1 1
-80.357135 -79.254455 -1154282.7738 196120.6841 1 1
-80.450826 -79.274524 -1152433.3446 193868.1166 1 1
-80.511672 -79.292616 -1150683.4162 192317.4036 1 1
-80.528960 -79.337104 -1145933.4881 191168.1170 1 1
-80.547837 -79.377905 -1141587.1264 190056.4909 1 1
-80.547691 -79.409430 -1138179.9228 189492.2256 1 1
-80.522579 -79.427119 -1136185.4153 189671.9688 1 1
-80.472655 -79.454290 -1133084.4171 190169.2584 1 1
-80.392497 -79.472635 -1130835.9153 191418.9016 1 1
-80.355828 -79.501134 -1127635.6304 191619.6148 1 1
-80.343761 -79.519291 -1125634.7034 191523.5378 1 1
-80.369900 -79.529812 -1124585.7734 190817.1898 1 1
-80.344886 -79.553580 -1121936.0591 190871.5407 1 1
-80.348271 -79.577286 -1119387.7713 190369.9716 1 1
-80.358141 -79.613249 -1115537.6291 189517.4753 1 1
-80.427872 -79.637602 -1113137.6295 187716.1916 1 1
-80.474470 -79.656600 -1111238.1290 186466.5484 1 1
-80.539487 -79.669658 -1110038.5571 184970.4003 1 1
-80.558425 -79.679954 -1108987.4874 184418.5459 1 1
-80.562928 -79.697207 -1107138.2722 184021.6130 1 1
-80.563877 -79.718535 -1104837.5592 183620.4005 1 1
-80.534867 -79.746821 -1101689.4855 183670.4718 1 1
-80.488510 -79.768586 -1099190.1991 184167.9753 1 1
-80.471106 -79.775945 -1098339.6286 184368.4745 1 1
-80.484656 -79.783760 -1097539.3434 183967.2620 1 1
-80.456986 -79.801902 -1095491.5548 184167.9753 1 1
-80.446632 -79.823844 -1093089.4153 183967.2620 1 1
-80.394345 -79.832002 -1092040.4853 184815.6927 1 1
-80.394345 -79.832002 -1092040.4853 184815.6927 1 1
-67.255192 -78.466224 -1159481.8458 486087.5499 1 2
-67.221421 -78.475248 -1158282.2739 486387.5498 1 2
-67.184460 -78.496370 -1155832.2029 486236.0520 1 2
-67.172176 -78.524509 -1152882.7026 485286.1948 1 2
-67.183138 -78.573381 -1148033.7018 482986.5517 1 2
-67.252970 -78.606377 -1145283.6309 480187.4793 1 2
-67.375739 -78.656006 -1141285.2006 475638.2645 1 2
-67.554575 -78.723135 -1135959.6664 469262.7304 1 2
-67.765277 -78.788065 -1131086.6998 462387.7670 1 2
-68.113345 -78.889425 -1123561.8791 451365.0153 1 2
-68.212052 -78.917431 -1121486.7011 448289.0528 1 2
-68.300175 -78.916832 -1122235.8451 446587.9118 1 2
-68.338033 -78.925610 -1121636.2731 445491.0503 1 2
-68.362507 -78.932369 -1121137.6997 444738.6966 1 2
-68.378306 -78.937026 -1120785.7026 444241.4071 1 2
-68.403643 -78.940900 -1120587.1292 443589.4100 1 2
-68.454207 -78.951108 -1119937.2719 442189.3389 1 2
-68.551507 -78.985906 -1117136.0597 438891.9071 1 2
-68.628464 -79.000963 -1116187.4864 436789.5536 1 2
-68.720512 -79.024942 -1114438.4139 434041.8364 1 2
-68.800549 -79.062681 -1111186.9878 430988.7698 1 2
-68.920336 -79.092464 -1109039.6985 427490.6247 1 2
-68.999191 -79.119718 -1106838.2722 424893.3355 1 2
-69.031105 -79.133993 -1105613.8787 423716.8734 1 2
-69.154378 -79.178749 -1101939.2001 419591.7670 1 2
-69.218584 -79.204807 -1099738.8438 417343.4791 1 2
-69.339094 -79.248462 -1096138.2023 413341.6252 1 2
-69.489961 -79.295548 -1092390.5566 408646.2620 1 2
-69.609750 -79.358865 -1086739.9868 403944.4795 1 2
-69.664080 -79.383000 -1084643.1967 401994.9077 1 2
-69.744561 -79.416706 -1081742.6978 399192.6256 1 2
-69.789066 -79.427514 -1080941.3427 397943.1964 1 2
-69.830990 -79.450279 -1078891.4143 396292.3407 1 2
-69.839046 -79.458106 -1078142.2704 395845.1225 1 2
-69.796406 -79.478097 -1075792.3420 395891.1282 1 2
-69.737153 -79.486266 -1074542.9128 396693.5532 1 2
-69.688391 -79.489323 -1073890.9157 397491.6986 1 2
-69.641910 -79.496386 -1072842.8417 398093.6244 1 2
-69.603535 -79.505958 -1071593.1985 398446.6914 1 2
-69.643967 -79.520383 -1070392.7707 397140.7714 1 2
-69.679317 -79.534444 -1069193.4128 395945.4791 1 2
-69.741124 -79.559512 -1067044.1977 393841.1998 1 2
-69.943670 -79.597274 -1064544.9113 388648.3332 1 2
-70.230944 -79.652925 -1060744.8404 381244.6252 1 2
-70.231571 -79.684995 -1057444.1989 380045.2673 1 2
-70.405785 -79.699532 -1057095.1976 376294.4119 1 2
-70.622238 -79.707910 -1057643.8423 371993.8418 1 2
-70.737690 -79.708359 -1058344.8408 369845.6966 1 2
-70.848142 -79.704596 -1059445.1259 367939.9907 1 2
-71.007026 -79.693653 -1061594.3410 365390.6330 1 2
-71.181094 -79.674418 -1064693.1994 362843.2011 1 2
-71.288423 -79.661703 -1066689.8468 361294.8418 1 2
-71.445526 -79.636495 -1070293.4840 359247.0532 1 2
-71.576431 -79.612128 -1073643.1269 357644.1290 1 2
-71.642381 -79.588830 -1076475.7941 357211.6755 1 2
-71.742596 -79.554768 -1080641.5568 356496.9823 1 2
-71.816102 -79.492376 -1087590.5573 357242.9165 1 2
-71.806001 -79.446598 -1092291.2699 359000.3343 1 2
-71.772158 -79.405656 -1096338.9156 361048.3369 1 2
-71.705443 -79.329507 -1103838.7006 364943.4148 1 2
-71.629635 -79.242654 -1112386.3457 369402.7580 1 2
-71.493783 -79.157692 -1120336.3446 374994.4834 1 2
-71.150016 -79.039406 -1130335.4160 385898.2622 1 2
-70.902248 -78.974929 -1135334.8448 393095.0516 1 2
-70.604658 -78.918299 -1139133.8457 401048.2602 1 2
-70.280810 -78.865152 -1142334.1306 409446.5472 1 2
-70.000564 -78.824723 -1144483.3457 416545.1198 1 2
-69.798919 -78.796317 -1145933.4881 421645.9750 1 2
-69.760102 -78.785271 -1146784.0586 422841.2673 1 2
-69.722672 -78.764127 -1148682.4892 424393.9062 1 2
-69.600831 -78.724684 -1151831.6329 428343.3350 1 2
-69.490760 -78.701548 -1153383.2018 431444.3332 1 2
-69.438797 -78.684596 -1154732.1318 433143.1204 1 2
-69.345711 -78.668471 -1155681.7750 435642.4068 1 2
-69.064656 -78.644549 -1155981.5610 442243.6898 1 2
-68.846263 -78.614301 -1157381.6321 447843.9744 1 2
-68.689036 -78.592448 -1158381.5607 451889.4802 1 2
-68.524303 -78.575743 -1158782.7732 455888.9804 1 2
-68.320438 -78.539166 -1160881.9170 461491.4048 1 2
-68.143854 -78.503052 -1163131.2747 466541.9747 1 2
-68.044009 -78.484231 -1164231.5599 469340.1912 1 2
-67.909988 -78.473883 -1164182.5585 472489.1209 1 2
-67.812945 -78.461084 -1164680.9179 474990.5471 1 2
-67.647930 -78.453959 -1164031.0606 478640.1899 1 2
-67.489794 -78.454212 -1162679.9909 481840.4748 1 2
-67.385214 -78.458310 -1161383.4861 483788.9767 1 2
-67.255192 -78.466224 -1159481.8458 486087.5499 1 2
-67.255192 -78.466224 -1159481.8458 486087.5499 1 2
-66.252727 -80.220681 -974854.1244 428890.6959 1 3
-66.252254 -80.240114 -972904.3386 428042.4791 1 3
-66.261577 -80.255831 -971399.8452 427191.9086 1 3
-66.238088 -80.270504 -969755.4089 426943.2639 1 3
-66.263711 -80.283385 -968656.1937 425942.2654 1 3
-66.258437 -80.294469 -967506.9071 425543.1927 1 3
-66.227384 -80.309677 -965753.5550 425396.8304 1 3
-66.218258 -80.332439 -963407.0503 424546.4739 1 3
-66.191744 -80.345988 -961854.4114 424393.9062 1 3
-66.095051 -80.371326 -958602.7713 424893.3355 1 3
-65.985398 -80.386654 -956256.2666 426044.7619 1 3
-65.682297 -80.404515 -952208.6210 430292.9068 1 3
-65.366708 -80.415231 -948758.6214 435042.6209 1 3
-65.105485 -80.416856 -946604.0568 439288.8400 1 3
-64.764956 -80.423604 -943308.7648 444592.3343 1 3
-64.378919 -80.435116 -939156.4829 450393.3321 1 3
-64.064490 -80.441370 -936055.4847 455241.2630 1 3
-63.743730 -80.450367 -932609.7648 460039.1225 1 3
-63.568789 -80.462543 -930008.1960 462291.6900 1 3
-63.479911 -80.463403 -929205.7710 463691.7611 1 3
-63.359213 -80.456426 -928908.9807 465990.3343 1 3
-63.286561 -80.449859 -928959.0520 467490.7620 1 3
-63.176600 -80.460644 -927007.3404 468740.4052 1 3
-63.076964 -80.457906 -926457.8398 470487.3380 1 3
-62.761213 -80.439847 -925607.2693 476489.9049 1 3
-62.557952 -80.429564 -924909.2665 480288.9058 1 3
-62.384892 -80.425417 -923856.2710 483290.6173 1 3
-62.293863 -80.416937 -923908.4821 485189.0478 1 3
-62.166423 -80.415048 -923009.7661 487339.3329 1 3
-61.925410 -80.386470 -923709.9086 492688.8329 1 3
-61.731763 -80.366573 -923956.4136 496838.7610 1 3
-61.658023 -80.350027 -924909.2665 498886.7636 1 3
-61.602167 -80.348117 -924606.2709 499887.5480 1 3
-61.477959 -80.317558 -926457.8398 503487.1196 1 3
-61.298219 -80.300484 -926512.1907 507288.0463 1 3
-61.218926 -80.278836 -927885.0864 509710.0859 1 3
-61.132221 -80.244428 -930409.4085 512931.1269 1 3
-61.115818 -80.206884 -933859.4080 515181.7685 1 3
-61.293696 -80.175450 -938471.1050 513932.1253 1 3
-61.408845 -80.144182 -942506.3398 513682.4107 1 3
-61.425608 -80.079668 -948856.6243 516783.4088 1 3
-61.360926 -80.043889 -951709.1916 519730.9833 1 3
-61.287260 -79.992358 -955986.6518 523663.7217 1 3
-61.276968 -79.967736 -958255.9097 525130.5546 1 3
-61.264746 -79.905107 -964155.1244 528630.8395 1 3
-61.135895 -79.877052 -965653.4123 532280.2684 1 3
-61.078028 -79.833578 -969281.0153 535556.9441 1 3
-60.950149 -79.804121 -970902.5557 539284.9037 1 3
-60.813911 -79.777079 -972202.2702 543035.7591 1 3
-60.649020 -79.761166 -972154.1247 546685.4020 1 3
-60.476017 -79.746974 -971851.1290 550384.0463 1 3
-60.383880 -79.759218 -969799.2748 551283.6182 1 3
-60.278184 -79.770044 -967751.2722 552484.0460 1 3
-60.201098 -79.777432 -966305.1954 553383.6179 1 3
-60.093505 -79.778594 -965153.9830 555133.7603 1 3
-60.058644 -79.790274 -963707.9062 555082.6191 1 3
-60.045465 -79.808953 -961808.4057 554283.1898 1 3
-59.990315 -79.841366 -958201.5588 553433.9032 1 3
-59.958618 -79.866557 -955507.9786 552583.3327 1 3
-59.935837 -79.891717 -952904.4839 551583.4042 1 3
-59.892691 -79.912088 -950559.6911 551182.1917 1 3
-59.890467 -79.930950 -948752.2020 550183.3330 1 3
-59.902157 -79.971147 -945057.8373 547783.3334 1 3
-59.909861 -80.002529 -942159.4782 545934.1182 1 3
-59.940823 -80.021504 -940656.9107 544384.6890 1 3
-59.925418 -80.031584 -939555.7696 544084.6891 1 3
-59.954520 -80.042950 -938755.2704 542984.6179 1 3
-59.942056 -80.054872 -937507.7670 542535.2599 1 3
-59.968341 -80.064357 -936857.9097 541585.6166 1 3
-59.958459 -80.079206 -935357.6960 540933.6196 1 3
-59.929779 -80.109620 -932206.4125 539734.0477 1 3
-59.881084 -80.158637 -927107.6971 537834.5472 1 3
-59.792951 -80.199065 -922456.1998 537034.2620 1 3
-59.727799 -80.221676 -919708.2687 536835.6886 1 3
-59.727417 -80.269828 -915154.7743 534185.9743 1 3
-59.750884 -80.316562 -910956.7006 531235.4040 1 3
-59.763334 -80.357423 -907210.1248 528786.4029 1 3
-59.797191 -80.435836 -900109.4125 523935.2624 1 3
-59.818250 -80.503447 -893909.3420 519886.5468 1 3
-59.849498 -80.601083 -884959.4145 514035.6916 1 3
-59.937319 -80.701339 -876258.1318 507186.8338 1 3
-60.088218 -80.802917 -867964.2670 499339.1173 1 3
-60.258933 -80.872288 -862863.4118 492988.6188 1 3
-60.451889 -80.921248 -859862.7702 487440.5454 1 3
-60.632565 -80.949929 -858663.4123 483189.1908 1 3
-60.867869 -80.964378 -859261.0585 478889.9046 1 3
-61.128704 -80.953618 -862462.1993 475541.1176 1 3
-61.392742 -80.943520 -865613.4827 472090.0482 1 3
-61.683233 -80.927235 -869562.9116 468539.6920 1 3
-61.914868 -80.907410 -873361.9125 466040.6196 1 3
-62.287287 -80.869293 -880061.4123 462291.6900 1 3
-62.675945 -80.813871 -888559.8420 459092.4750 1 3
-62.806728 -80.795291 -891412.1954 457991.3339 1 3
-62.900147 -80.771132 -894509.1279 457740.5494 1 3
-62.944596 -80.751125 -896811.9807 458041.4052 1 3
-62.947405 -80.720068 -899858.6279 459541.8330 1 3
-62.957727 -80.693688 -902510.4821 460691.1196 1 3
-62.995947 -80.685559 -903609.4834 460492.5461 1 3
-63.030481 -80.674575 -904957.3434 460492.5461 1 3
-63.050144 -80.658230 -906708.5557 460991.9755 1 3
-63.041085 -80.635914 -908810.6952 462241.6187 1 3
-63.039065 -80.625477 -909811.6937 462791.1193 1 3
-63.072245 -80.613864 -911211.7648 462839.2648 1 3
-63.102296 -80.607161 -912108.1270 462692.9025 1 3
-63.193943 -80.601928 -913357.7702 461491.4048 1 3
-63.304080 -80.605857 -913859.3393 459541.8330 1 3
-63.480744 -80.604426 -915411.9782 456791.7620 1 3
-63.549362 -80.596242 -916759.6243 456093.7593 1 3
-63.632073 -80.595828 -917457.6270 454789.9791 1 3
-63.753709 -80.608208 -917206.8425 452242.5472 1 3
-63.936639 -80.628409 -916661.6214 448341.2639 1 3
-64.094713 -80.646559 -916109.7670 444943.4755 1 3
-64.175166 -80.660517 -915359.7671 442991.7639 1 3
-64.215339 -80.674347 -914308.4834 441692.0494 1 3
-64.214635 -80.696640 -912108.1270 440642.9054 1 3
-64.223010 -80.718092 -910060.3384 439489.5532 1 3
-64.230652 -80.735453 -908409.4827 438542.9057 1 3
-64.270414 -80.739030 -908361.3372 437742.6205 1 3
-64.344144 -80.739670 -908860.7665 436543.0486 1 3
-64.460403 -80.733421 -910361.1943 434992.5495 1 3
-64.631228 -80.719199 -913059.0541 432942.6211 1 3
-64.887322 -80.702265 -916661.6214 429643.0495 1 3
-65.050237 -80.686854 -919407.4128 427745.6889 1 3
-65.206117 -80.668272 -922412.3339 426094.8332 1 3
-65.353758 -80.644619 -925858.0539 424795.1187 1 3
-65.575101 -80.610830 -930856.4127 422743.0505 1 3
-65.774579 -80.581906 -935207.0540 420797.5443 1 3
-65.964627 -80.553777 -939407.2675 418946.1893 1 3
-66.158491 -80.516943 -944504.0571 417393.5505 1 3
-66.319438 -80.490664 -948304.9838 415893.1227 1 3
-66.460197 -80.462418 -952156.1959 414796.0472 1 3
-66.599550 -80.432118 -956203.8415 413795.2628 1 3
-66.718437 -80.394328 -960857.4786 413444.1216 1 3
-66.754282 -80.356108 -964957.5494 414493.0516 1 3
-66.785286 -80.336971 -967105.6946 414796.0472 1 3
-66.782138 -80.324296 -968357.2636 415395.8332 1 3
-66.717759 -80.285855 -971752.9122 418145.9041 1 3
-66.637960 -80.250191 -974751.6279 421046.1891 1 3
-66.548944 -80.232170 -975905.1941 423344.7622 1 3
-66.425290 -80.218577 -976352.4123 426044.7619 1 3
-66.299681 -80.217240 -975549.9873 428242.9784 1 3
-66.252727 -80.220681 -974854.1244 428890.6959 1 3
-66.252727 -80.220681 -974854.1244 428890.6959 1 3
-46.485456 -77.788594 -965705.6234 916886.4225 1 4
-46.194436 -77.800362 -960103.1991 920884.8528 1 4
-46.023533 -77.814225 -956256.2666 922687.2063 1 4
-45.860292 -77.834111 -952056.0532 923886.7782 1 4
-45.709775 -77.844530 -948806.5529 925585.5654 1 4
-45.581931 -77.855147 -945906.0540 926884.2101 1 4
-45.476898 -77.869826 -943055.8404 927486.1358 1 4
-45.299991 -77.895830 -938157.6243 928384.6378 1 4
-45.194140 -77.909144 -935403.4877 929085.8503 1 4
-45.152938 -77.921065 -933806.9829 928835.0657 1 4
-44.900428 -77.955212 -927057.4118 930285.2082 1 4
-44.728605 -77.983765 -922056.9131 930833.6389 1 4
-44.631745 -78.018390 -917810.9080 929685.4222 1 4
-44.522336 -78.038845 -914459.1253 929834.9943 1 4
-44.317470 -78.089930 -907210.1248 929085.8503 1 4
-44.154603 -78.143583 -900462.4795 927434.9946 1 4
-43.966751 -78.209981 -892356.9171 925136.4214 1 4
-43.846236 -78.250734 -887310.4128 923785.3517 1 4
-43.817706 -78.267671 -885563.2661 922885.7798 1 4
-43.758659 -78.300611 -882111.3407 921186.7786 1 4
-43.730206 -78.329479 -879463.7662 919335.4236 1 4
-43.707646 -78.374780 -875666.6911 916088.0631 1 4
-43.760837 -78.430146 -872314.9084 910887.0653 1 4
-43.804067 -78.476749 -869462.5550 906538.3497 1 4
-43.822829 -78.514215 -866913.1972 903287.9935 1 4
-43.873727 -78.556316 -864514.2675 899188.1367 1 4
-43.890213 -78.586039 -862512.4846 896589.5636 1 4
-43.916860 -78.597396 -862065.2664 895290.9190 1 4
-43.950489 -78.604297 -862065.2664 894239.8492 1 4
-44.085726 -78.605718 -864065.1234 892090.6341 1 4
-44.242425 -78.603617 -866662.4127 889889.2079 1 4
-44.361616 -78.601002 -868712.3411 888289.4934 1 4
-44.470521 -78.607970 -869863.7675 886091.2768 1 4
-44.677278 -78.618956 -872208.3463 882089.6369 1 4
-44.966429 -78.638094 -875165.3359 876191.4921 1 4
-45.162772 -78.662582 -876258.1318 871293.4899 1 4
-45.362024 -78.683320 -877664.4084 866642.8486 1 4
-45.354302 -78.701718 -876111.9835 865343.1341 1 4
-45.310341 -78.715632 -874362.9109 864941.9216 1 4
-45.287665 -78.730464 -872864.6230 864143.5622 1 4
-45.274716 -78.742117 -871761.3421 863441.4938 1 4
-45.298119 -78.753048 -871261.9128 862242.1359 1 4
-45.328048 -78.763352 -870908.6318 860992.4927 1 4
-45.381285 -78.773596 -870908.6318 859393.8482 1 4
-45.373559 -78.788737 -869611.0571 858344.9182 1 4
-45.324180 -78.799106 -868062.4838 858294.6329 1 4
-45.213034 -78.804056 -866010.6296 859594.5614 1 4
-45.072113 -78.808955 -863513.4830 861342.5640 1 4
-45.010610 -78.810582 -862462.1993 862142.8492 1 4
-44.832849 -78.806365 -860109.2752 865142.4209 1 4
-44.723408 -78.803666 -858663.4123 866993.9898 1 4
-44.569038 -78.802546 -856410.6309 869391.8497 1 4
-44.265254 -78.805475 -851564.8398 873690.2799 1 4
-44.185188 -78.810407 -849966.1952 874491.6350 1 4
-44.053960 -78.808446 -848110.5607 876590.5648 1 4
-43.762669 -78.800239 -844265.5540 881540.9921 1 4
-43.735786 -78.802691 -843665.9821 881742.7753 1 4
-43.676149 -78.828896 -840763.3434 880542.1335 1 4
-43.626214 -78.856395 -837915.2696 879091.9910 1 4
-43.573064 -78.880027 -835313.4868 877991.7059 1 4
-43.519386 -78.906213 -832513.5585 876691.9914 1 4
-43.492533 -78.919931 -831067.4816 875990.9929 1 4
-43.457877 -78.952006 -828118.8372 873941.0645 1 4
-43.444671 -78.985176 -825416.9118 871491.8494 1 4
-43.429472 -79.020566 -822518.7666 868893.4903 1 4
-43.426968 -79.061219 -819417.5545 865693.2054 1 4
-43.441651 -79.101316 -816617.4122 862292.2073 1 4
-43.490764 -79.127068 -815413.7747 859544.2761 1 4
-43.540847 -79.137622 -815367.9830 857992.7071 1 4
-43.693746 -79.147347 -816918.4821 855043.2068 1 4
-43.860364 -79.159627 -818468.9812 851693.5639 1 4
-44.009755 -79.175637 -819467.8398 848294.7056 1 4
-44.169115 -79.203211 -819718.6244 843844.7775 1 4
-44.228498 -79.214020 -819766.5559 842145.9903 1 4
-44.280889 -79.229325 -819365.3434 840195.3486 1 4
-44.284997 -79.245134 -818216.0568 838896.4900 1 4
-44.242446 -79.259885 -816465.0585 838345.9194 1 4
-44.189771 -79.269435 -814964.6307 838345.9194 1 4
-44.085617 -79.273001 -813167.4127 839545.2773 1 4
-44.019584 -79.275381 -812018.1261 840294.4213 1 4
-43.865495 -79.272606 -809966.0579 842694.4210 1 4
-43.693993 -79.272221 -807469.1253 845145.5619 1 4
-43.562001 -79.274222 -805368.9116 846844.5631 1 4
-43.421255 -79.275813 -803166.4154 848693.7783 1 4
-43.262495 -79.281075 -800416.5585 850496.1318 1 4
-43.227285 -79.284747 -799618.1991 850694.7052 1 4
-43.212392 -79.290490 -798966.2020 850443.9207 1 4
-43.167284 -79.310241 -796815.9170 849494.2774 1 4
-43.107811 -79.331196 -794364.7761 848644.7768 1 4
-43.074585 -79.361314 -791618.9847 846694.9911 1 4
-43.042986 -79.389887 -789015.2761 844843.6361 1 4
-43.017459 -79.414234 -786819.1994 843244.9915 1 4
-42.982261 -79.432113 -784965.7046 842295.3483 1 4
-42.948835 -79.468367 -781768.4154 839846.3472 1 4
-42.935311 -79.510575 -778420.9123 836646.0623 1 4
-42.937626 -79.543854 -775971.6972 833946.0627 1 4
-42.949578 -79.591102 -772619.9145 829996.6338 1 4
-42.965406 -79.646441 -768718.6312 825348.3463 1 4
-42.995889 -79.813012 -756719.9166 811599.4893 1 4
-43.089218 -79.938285 -748672.5568 800350.7747 1 4
-43.127266 -79.962086 -747422.9136 797952.0589 1 4
-43.199454 -79.983498 -746823.3416 795301.2747 1 4
-43.264845 -79.991609 -747122.0577 793801.9168 1 4
-43.299971 -79.993387 -747475.1247 793202.1309 1 4
-43.321053 -79.989314 -748072.7709 793251.3463 1 4
-43.322300 -79.982196 -748624.6253 793801.9168 1 4
-43.343698 -79.975545 -749420.6309 794051.6315 1 4
-43.406130 -79.969040 -750774.6963 793751.8455 1 4
-43.490601 -79.960763 -752567.6347 793301.4176 1 4
-43.941564 -79.937952 -760520.8434 789151.4895 1 4
-44.004464 -79.935598 -761565.7077 788501.4182 1 4
-44.042978 -79.939870 -761770.4866 787653.2015 1 4
-44.061115 -79.945093 -761622.1984 787001.2045 1 4
-44.080570 -79.955132 -761124.9089 785953.1304 1 4
-44.060998 -79.964811 -760119.6309 785451.7753 1 4
-44.000292 -79.978181 -758270.4157 785203.9864 1 4
-43.922791 -79.991182 -756220.4873 785203.9864 1 4
-43.765366 -80.031986 -750971.1300 784053.6300 1 4
-43.574026 -80.078687 -744825.6244 782854.2721 1 4
-43.454318 -80.100161 -741572.0585 782702.7742 1 4
-43.432119 -80.108797 -740618.9915 782303.7015 1 4
-43.415350 -80.120948 -739476.1244 781554.5575 1 4
-43.409458 -80.133247 -738470.8463 780652.8458 1 4
-43.445883 -80.153114 -737471.9877 778604.8432 1 4
-43.635152 -80.205666 -736071.9165 772002.7043 1 4
-43.882245 -80.252776 -735821.3460 765105.9149 1 4
-44.276618 -80.312989 -736471.2032 755306.4869 1 4
-44.743393 -80.382156 -737273.6282 743907.3443 1 4
-45.490879 -80.478201 -739423.6993 726861.0556 1 4
-45.842563 -80.522152 -740422.5579 718960.0580 1 4
-46.366726 -80.563827 -743669.9184 709011.2719 1 4
-46.839406 -80.599766 -746626.9080 700163.6269 1 4
-47.342999 -80.626898 -750569.9175 691563.7707 1 4
-47.579691 -80.634925 -752772.4136 687865.1264 1 4
-47.944002 -80.647914 -756076.2648 682113.3440 1 4
-48.122185 -80.645101 -758422.9835 679964.1289 1 4
-48.387535 -80.630357 -762769.3452 677515.1278 1 4
-48.626192 -80.625044 -766020.7713 674716.0554 1 4
-48.837827 -80.622482 -768718.6312 672066.3410 1 4
-49.096299 -80.617936 -772118.3454 668917.1974 1 4
-49.274017 -80.623586 -773721.2696 666115.9852 1 4
-49.407375 -80.636194 -774222.6247 663416.1995 1 4
-49.546565 -80.656163 -774170.4136 660116.6279 1 4
-49.650852 -80.672946 -773972.0541 657518.2688 1 4
-49.740615 -80.691867 -773422.3395 654967.8412 1 4
-49.777554 -80.713142 -772068.2741 652966.9142 1 4
-49.761780 -80.728887 -770574.2657 652067.3423 1 4
-49.723854 -80.749540 -768419.7011 651117.4851 1 4
-49.695228 -80.764156 -766875.6214 650467.6278 1 4
-49.691703 -80.773300 -766073.1964 649868.0558 1 4
-49.748582 -80.781655 -766020.7713 648516.9861 1 4
-49.847064 -80.795555 -765972.8398 646219.4829 1 4
-49.912151 -80.807350 -765719.9154 644518.5558 1 4
-49.990125 -80.812450 -766169.2734 643117.4148 1 4
-50.307807 -80.834504 -767868.0607 637319.6267 1 4
-50.731994 -80.853956 -770918.9875 630271.3395 1 4
-51.091115 -80.867889 -773669.0585 624470.3417 1 4
-51.377314 -80.872662 -776370.9839 620272.2681 1 4
-51.851267 -80.886096 -780320.4128 612921.8411 1 4
-52.188556 -80.896435 -783022.1243 607624.7662 1 4
-52.563676 -80.898858 -786773.1937 602324.2676 1 4
-52.782118 -80.898792 -789069.6270 599324.6960 1 4
-53.152094 -80.892583 -793466.2741 594623.9833 1 4
-53.567994 -80.878315 -799016.4873 589774.9825 1 4
-53.833132 -80.879048 -801672.4071 586023.9131 1 4
-54.034631 -80.872410 -804315.7020 583627.1232 1 4
-54.141015 -80.863138 -806219.4821 582726.4813 1 4
-54.223134 -80.850540 -808171.1937 582375.5541 1 4
-54.265130 -80.833424 -810116.6998 582875.8394 1 4
-54.299306 -80.804670 -813016.9847 584226.9091 1 4
-54.284085 -80.769682 -815967.5550 586675.9102 1 4
-54.278896 -80.736383 -818870.1937 588875.4106 1 4
-54.258494 -80.696321 -822215.7710 591725.6242 1 4
-54.231687 -80.669482 -824320.0503 593825.6239 1 4
-54.190592 -80.636520 -826816.9829 596525.6236 1 4
-54.147529 -80.586922 -830764.4859 600323.5546 1 4
-54.072463 -80.540752 -834065.9834 604374.1960 1 4
-53.879451 -80.415242 -843114.3416 615272.8393 1 4
-53.725456 -80.356767 -846614.4125 621321.1980 1 4
-53.538011 -80.295518 -849966.1952 628069.6993 1 4
-53.496569 -80.257344 -852868.8339 631168.7716 1 4
-53.462049 -80.216101 -856114.0546 634369.0565 1 4
-53.435582 -80.174627 -859465.8373 637467.9148 1 4
-53.336655 -80.103988 -864564.5528 643566.5588 1 4
-53.250141 -80.156740 -858966.4080 641417.3437 1 4
-53.190889 -80.172562 -856916.4796 641267.9857 1 4
-53.138402 -80.180697 -855616.5511 641518.7702 1 4
-53.180318 -80.205470 -853915.6241 639268.1286 1 4
-53.170698 -80.214504 -853017.1221 638818.9846 1 4
-53.103977 -80.224290 -851416.3377 639169.0558 1 4
-53.006658 -80.222707 -850467.7643 640718.4850 1 4
-52.932665 -80.209776 -850768.6202 642669.1267 1 4
-52.922506 -80.206771 -850916.9084 643018.1281 1 4
-52.826142 -80.215539 -849069.8330 643868.6986 1 4
-52.760431 -80.203051 -849418.6204 645668.9123 1 4
-52.694439 -80.189913 -849817.9071 647518.1275 1 4
-52.585927 -80.202836 -847466.9088 648267.2715 1 4
-52.515218 -80.208005 -846217.4796 648968.4839 1 4
-52.334637 -80.176839 -846867.3369 653716.0582 1 4
-52.218413 -80.148754 -847968.4779 657315.4158 1 4
-52.139625 -80.124397 -849168.0498 660116.6279 1 4
-51.951792 -80.073726 -851366.2664 666314.5586 1 4
-51.791732 -80.019456 -854168.5484 672363.9872 1 4
-51.712800 -79.991810 -855616.5511 675414.9141 1 4
-51.527562 -79.940597 -857817.1214 681665.0559 1 4
-51.336540 -79.891731 -859716.4079 687862.9866 1 4
-51.305330 -79.862788 -861814.4818 690311.9877 1 4
-51.155965 -79.829933 -862813.3404 694812.2011 1 4
-51.013115 -79.790735 -864414.1248 699661.2018 1 4
-50.923091 -79.743051 -867366.6209 704309.4894 1 4
-50.727767 -79.687548 -869665.4080 711109.3458 1 4
-50.597709 -79.641849 -871915.8357 716258.1326 1 4
-50.486924 -79.623679 -872064.3378 719208.7028 1 4
-50.342011 -79.583659 -873616.7627 724209.2014 1 4
-50.268986 -79.560286 -874661.6270 726958.2025 1 4
-50.134206 -79.536881 -874916.6912 730656.8468 1 4
-50.115331 -79.513208 -876665.5497 732607.7024 1 4
-50.110775 -79.482179 -879215.1214 734857.0602 1 4
-50.122439 -79.455423 -881613.8372 736557.1313 1 4
-50.205650 -79.423605 -885360.6270 737506.7745 1 4
-50.246298 -79.395350 -888263.2657 738857.8443 1 4
-50.264684 -79.372021 -890465.7619 740206.5602 1 4
-50.348605 -79.295412 -898011.3386 744257.4156 1 4
-50.303595 -79.281931 -898562.9790 745906.1315 1 4
-50.259708 -79.256792 -900109.4125 748355.1326 1 4
-50.293444 -79.212788 -904259.5546 750905.5602 1 4
-50.291409 -79.148970 -909613.1202 755405.7736 1 4
-50.279300 -79.106769 -913010.9086 758553.6334 1 4
-50.282734 -79.075285 -915710.6943 760703.9184 1 4
-50.280614 -79.007957 -921359.1244 765453.8464 1 4
-50.318361 -78.960012 -925908.1252 768202.6335 1 4
-50.288557 -78.922615 -928662.2618 771303.6317 1 4
-50.215480 -78.886052 -930758.1959 775052.5613 1 4
-50.184441 -78.837692 -934411.0484 778951.9188 1 4
-50.174197 -78.776710 -939407.2675 783401.6329 1 4
-50.062977 -78.736560 -941260.7622 788050.1344 1 4
-50.054648 -78.703708 -943908.3368 790500.2054 1 4
-49.970131 -78.677369 -944953.2011 793749.7057 1 4
-50.017708 -78.643535 -948455.4118 795349.2062 1 4
-50.025152 -78.616225 -950854.3415 797150.4898 1 4
-49.974738 -78.583440 -952906.4097 800299.6335 1 4
-49.900419 -78.551385 -954557.2654 803799.9183 1 4
-49.918459 -78.536524 -956057.6932 804549.0623 1 4
-49.881220 -78.525506 -956458.9057 805949.1335 1 4
-49.907212 -78.499536 -959003.9838 807350.0605 1 4
-49.806033 -78.478265 -959359.4046 810548.4196 1 4
-49.850239 -78.456516 -961808.4057 811346.5650 1 4
-49.842867 -78.443410 -962802.9847 812397.6347 1 4
-49.814112 -78.428349 -963657.6209 813947.0639 1 4
-49.750515 -78.399686 -965153.9830 817048.2761 1 4
-49.670835 -78.361564 -967205.8372 821096.9916 1 4
-49.571333 -78.320537 -969205.6943 825695.2079 1 4
-49.385239 -78.246271 -972705.9791 834144.6361 1 4
-49.229922 -78.181169 -975852.9830 841444.7778 1 4
-49.039950 -78.110044 -978953.9812 849794.0634 1 4
-49.016472 -78.087158 -980502.3404 851842.9219 1 4
-49.058641 -78.086853 -981154.3375 851142.9933 1 4
-49.101836 -78.080733 -982303.6241 850842.9934 1 4
-49.101267 -78.065547 -983555.4071 851944.3484 1 4
-49.055427 -78.050095 -984154.9790 853842.7790 1 4
-48.936282 -78.034072 -983703.6952 857043.0639 1 4
-48.766013 -78.012235 -982955.6211 861543.0633 1 4
-48.678858 -78.001801 -982504.3373 863793.7049 1 4
-48.618154 -77.990687 -982504.3373 865640.9943 1 4
-48.530553 -77.972811 -982650.4857 868441.9925 1 4
-48.449664 -77.954776 -982905.5498 871141.9921 1 4
-48.356392 -77.936283 -983003.7666 874090.4225 1 4
-48.201346 -77.915899 -982303.6241 878239.2807 1 4
-48.060330 -77.888175 -982403.9807 882689.2088 1 4
-47.905377 -77.856994 -982554.4086 887638.5662 1 4
-47.758209 -77.830175 -982451.9122 892139.6355 1 4
-47.655524 -77.808015 -982650.4857 895538.4938 1 4
-47.518552 -77.793830 -981655.9066 898937.3522 1 4
-47.395018 -77.785958 -980351.9125 901637.1378 1 4
-47.233130 -77.774116 -978755.4077 905286.7807 1 4
-47.143246 -77.773229 -977405.4079 906887.3511 1 4
-47.050351 -77.773012 -975951.1998 908487.0656 1 4
-46.955211 -77.775965 -974204.2671 909884.9969 1 4
-46.850720 -77.778941 -972304.7666 911436.5659 1 4
-46.730145 -77.774894 -970708.2619 913785.4244 1 4
-46.629202 -77.782297 -968505.7657 914935.7808 1 4
-46.485456 -77.788594 -965705.6234 916886.4225 1 4
-46.485456 -77.788594 -965705.6234 916886.4225 1 4
-71.774251 -81.094762 -920813.6893 303206.7611 1 5
-71.218722 -81.034043 -924113.2609 314256.9023 1 5
-70.681878 -80.982838 -926409.6943 324753.0493 1 5
-70.081733 -80.938059 -927558.9809 336106.1861 1 5
-69.874471 -80.923650 -927815.9709 340001.2641 1 5
-69.641977 -81.000162 -918588.0834 340853.9744 1 5
-69.162461 -81.036830 -911957.6991 347104.1162 1 5
-68.680290 -81.085097 -904090.2964 352848.4093 1 5
-67.962519 -81.171613 -890835.5193 360598.9789 1 5
-67.186113 -81.269903 -875967.7609 368472.8009 1 5
-67.012244 -81.291074 -872716.1209 370225.9391 1 5
-66.757007 -81.384115 -861718.4048 370098.6210 1 5
-66.674127 -81.427369 -856843.2984 369473.7994 1 5
-66.727921 -81.478157 -852093.3704 366477.2234 1 5
-66.584640 -81.538826 -845093.2287 365973.5145 1 5
-66.586447 -81.590065 -839969.2636 363723.0869 1 5
-66.690103 -81.658947 -833717.1960 359226.0832 1 5
-66.853158 -81.720082 -828597.5105 354227.7244 1 5
-66.927131 -81.776921 -823344.0875 350725.2997 1 5
-66.966233 -81.842708 -816972.8330 347352.7609 1 5
-66.635780 -81.847542 -814471.4068 351849.5506 1 5
-66.620745 -81.901480 -808973.6187 349726.4411 1 5
-66.669721 -81.969289 -802474.8321 346103.1177 1 5
-66.575888 -81.973655 -801469.5540 347227.3687 1 5
-66.878795 -82.011727 -799471.8368 341353.4037 1 5
-67.369220 -82.047860 -798723.7627 332980.1523 1 5
-67.970750 -82.080754 -798847.2291 323229.7256 1 5
-68.684879 -82.100097 -800846.8722 312480.6543 1 5
-69.494273 -82.120499 -803095.3741 300356.5475 1 5
-70.273885 -82.144747 -804616.5579 288508.2609 1 5
-70.954698 -82.172036 -805172.4779 277955.4093 1 5
-71.174387 -82.177946 -805621.8359 274657.9775 1 5
-71.950860 -82.188534 -808171.1937 263357.2657 1 5
-72.405345 -82.204513 -808572.4062 256411.2609 1 5
-72.646029 -82.215268 -808522.1209 252662.3313 1 5
-72.784540 -82.224471 -808171.1937 250409.7639 1 5
-73.002159 -82.197109 -811972.1204 248211.3334 1 5
-73.204010 -82.146111 -818170.0511 246957.6245 1 5
-73.282707 -82.100591 -823266.8407 247262.7600 1 5
-73.434363 -82.014565 -832918.8366 247760.0495 1 5
-73.459561 -81.962568 -838469.0498 249009.6927 1 5
-73.456810 -81.849721 -850267.0511 252557.9091 1 5
-73.427033 -81.778698 -857568.2627 255211.6891 1 5
-73.428292 -81.739576 -861668.3335 256411.2609 1 5
-73.466479 -81.703480 -865617.7623 256958.6218 1 5
-73.440387 -81.659879 -870064.4807 258709.8341 1 5
-73.395035 -81.616328 -874417.2619 260757.6227 1 5
-73.320477 -81.517028 -884466.4046 265008.1214 1 5
-73.095171 -81.412260 -894367.0452 271811.8295 1 5
-72.785536 -81.312794 -903264.7616 279857.0495 1 5
-72.455468 -81.224722 -910812.6921 287956.6205 1 5
-72.133317 -81.158063 -916111.9068 295307.9034 1 5
-71.968093 -81.125297 -918661.2645 299056.8330 1 5
-71.774251 -81.094762 -920813.6893 303206.7611 1 5
-81.387244 -79.206603 -1162806.4531 176122.7552 1 6
-81.357261 -79.246596 -1158381.5607 176072.6839 1 6
-81.336253 -79.287522 -1153883.7011 175821.8994 1 6
-81.304952 -79.307413 -1151633.0594 176122.7552 1 6
-81.261215 -79.348178 -1147083.8446 176323.2545 1 6
-81.232063 -79.392132 -1142234.8438 176172.8266 1 6
-81.180808 -79.441017 -1136784.9872 176373.5398 1 6
-81.234004 -79.461912 -1134686.0574 174969.1891 1 6
-81.311663 -79.471493 -1133884.7023 173272.5416 1 6
-81.372939 -79.480106 -1133136.6282 171918.2622 1 6
-81.449497 -79.478996 -1133485.6296 170422.1141 1 6
-81.518915 -79.474433 -1134185.5582 169122.3995 1 6
-81.641495 -79.472677 -1134735.0588 166723.4698 1 6
-81.782309 -79.470431 -1135384.9161 163969.3332 1 6
-81.952967 -79.455072 -1137534.1312 160822.3293 1 6
-82.124283 -79.421664 -1141635.0579 157921.8304 1 6
-82.236268 -79.385801 -1145834.2014 156220.9034 1 6
-82.301050 -79.368991 -1147835.1284 155171.9734 1 6
-82.377896 -79.338684 -1151333.2734 154072.7582 1 6
-82.467184 -79.307744 -1154932.6310 152722.7584 1 6
-82.564356 -79.243854 -1162131.5602 151669.7628 1 6
-82.549966 -79.193809 -1167531.1315 152672.6870 1 6
-82.457706 -79.140004 -1173129.2762 155326.4670 1 6
-82.340437 -79.096067 -1177581.3441 158369.0486 1 6
-82.289414 -79.061645 -1181178.5619 159923.8273 1 6
-82.255370 -79.048329 -1182529.6316 160822.3293 1 6
-82.202874 -79.040532 -1183228.4903 162021.6872 1 6
-82.219875 -79.030382 -1184378.8468 161821.1880 1 6
-82.206351 -79.022198 -1185229.4173 162222.4005 1 6
-82.143277 -79.019171 -1185378.7753 163572.4003 1 6
-82.001143 -79.025063 -1184329.8454 166422.6139 1 6
-81.987689 -79.036696 -1183027.9910 166522.9705 1 6
-81.942712 -79.041930 -1182328.9184 167371.1872 1 6
-81.902261 -79.050504 -1181279.9884 168073.4696 1 6
-81.862978 -79.060956 -1180030.3452 168721.1870 1 6
-81.796697 -79.061913 -1179730.5592 170071.1869 1 6
-81.723488 -79.071893 -1178429.7748 171420.9727 1 6
-81.715817 -79.085054 -1176979.4184 171370.9014 1 6
-81.657783 -79.094055 -1175829.0619 172419.8313 1 6
-81.609675 -79.105609 -1174431.1306 173222.2563 1 6
-81.598187 -79.114047 -1173481.4873 173322.6130 1 6
-81.620264 -79.123422 -1172531.6301 172720.6872 1 6
-81.510677 -79.147576 -1169581.0599 174572.2562 1 6
-81.410448 -79.171960 -1166631.5596 176218.8323 1 6
-81.387244 -79.206603 -1162806.4531 176122.7552 1 6
-81.387244 -79.206603 -1162806.4531 176122.7552 1 6
-83.254053 -77.549490 -1348510.2800 159509.9900 1 7
-82.660289 -77.635729 -1337386.1017 172265.3378 1 7
-81.970498 -77.788109 -1318638.8859 186015.0506 1 7
-81.415440 -77.911349 -1303390.6711 196760.0563 1 7
-80.488676 -78.045429 -1285516.9217 215382.9497 1 7
-79.458987 -78.154720 -1269642.8154 236254.5589 1 7
-78.774206 -78.232117 -1258395.3847 249757.7668 1 7
-78.244875 -78.276449 -1251270.7066 260381.4459 1 7
-77.860875 -78.330981 -1243646.5992 267503.1282 1 7
-77.420325 -78.422288 -1231774.1329 274875.3812 1 7
-77.387827 -78.472207 -1226273.1351 274378.0916 1 7
-77.318895 -78.590555 -1213275.5619 273003.0562 1 7
-77.346051 -78.618628 -1210400.3126 271753.4130 1 7
-77.567159 -78.685507 -1204276.6330 265501.1313 1 7
-77.760880 -78.725296 -1200902.8103 260502.7725 1 7
-78.005513 -78.763545 -1197901.0989 254501.2755 1 7
-78.180109 -78.778857 -1197027.6325 250505.8409 1 7
-78.434431 -78.810047 -1194776.9909 244504.3438 1 7
-78.684192 -78.834956 -1193153.3107 238757.9109 1 7
-79.012457 -78.848637 -1193028.9883 231632.1630 1 7
-79.336793 -78.860628 -1193028.9883 224631.8073 1 7
-79.730441 -78.863089 -1194278.6315 216381.8084 1 7
-80.136174 -78.851549 -1197027.6325 208136.0891 1 7
-80.583611 -78.817721 -1202275.7060 199388.8006 1 7
-80.910015 -78.776079 -1207901.0262 193257.8457 1 7
-81.300259 -78.716475 -1215650.5259 186015.0506 1 7
-81.590058 -78.660501 -1222648.7418 180761.8416 1 7
-82.025312 -78.566968 -1234146.9571 172892.0852 1 7
-82.407513 -78.464677 -1246396.4562 166138.4484 1 7
-82.793467 -78.326586 -1262520.2772 159639.6619 1 7
-83.121374 -78.212926 -1275797.9501 153905.6398 1 7
-83.355203 -78.134905 -1284922.2713 149688.7359 1 7
-83.625912 -77.989176 -1301516.2063 145392.4455 1 7
-83.700082 -77.922190 -1309014.9215 144514.6995 1 7
-83.713713 -77.885865 -1313014.6356 144640.0918 1 7
-83.586700 -77.857712 -1315763.4227 147895.7975 1 7
-83.574568 -77.840250 -1317637.8875 148389.0214 1 7
-83.519915 -77.820614 -1319638.8145 149889.2352 1 7
-83.676348 -77.780812 -1324388.5285 146767.2670 1 7
-83.717438 -77.785227 -1324011.2818 145764.3427 1 7
-83.808276 -77.734681 -1329760.9244 144263.9150 1 7
-83.855822 -77.683125 -1335511.6369 143766.6255 1 7
-83.878193 -77.649321 -1339260.5665 143641.2332 1 7
-83.950748 -77.621228 -1342510.9227 142270.4773 1 7
-83.968753 -77.606778 -1344134.6029 142015.4131 1 7
-83.956304 -77.556155 -1349635.6008 142893.1591 1 7
-83.923940 -77.514263 -1354132.6045 144142.8023 1 7
-83.938313 -77.474556 -1358508.2815 144263.9150 1 7
-83.877428 -77.469704 -1358884.4583 145764.3427 1 7
-83.663811 -77.495548 -1355508.4959 150516.1966 1 7
-83.254053 -77.549490 -1348510.2800 159509.9900 1 7
-82.952919 -76.584230 -1453023.0335 179620.9003 1 8
-82.955472 -76.619990 -1449123.8899 179073.3255 1 8
-82.937318 -76.642798 -1446575.3881 179223.7534 1 8
-82.914852 -76.666417 -1443924.8179 179470.2584 1 8
-82.922939 -76.699151 -1440374.4617 178822.5409 1 8
-82.889698 -76.749445 -1434777.3869 178972.9688 1 8
-82.796240 -76.795758 -1429426.8170 180673.8959 1 8
-82.662430 -76.851861 -1422877.7451 183223.2536 1 8
-82.459044 -76.931526 -1413528.7449 187122.6111 1 8
-82.345237 -76.986774 -1407130.3149 189120.3284 1 8
-82.229253 -77.040579 -1400880.1731 191168.1170 1 8
-82.071701 -77.116472 -1392081.5295 193868.1166 1 8
-81.975374 -77.167640 -1386181.4590 195422.6813 1 8
-81.943059 -77.192333 -1383382.3866 195823.8938 1 8
-81.931902 -77.219533 -1380382.8149 195673.4659 1 8
-81.925294 -77.252840 -1376734.2420 195318.2591 1 8
-81.943392 -77.295674 -1372132.8160 194223.3234 1 8
-81.955267 -77.326353 -1368833.2444 193466.9041 1 8
-81.973016 -77.353998 -1365883.7441 192618.4734 1 8
-81.999577 -77.371336 -1364085.4562 191719.9714 1 8
-82.040768 -77.375832 -1363733.4591 190670.8275 1 8
-82.096873 -77.377061 -1363785.6702 189316.7620 1 8
-82.137229 -77.375989 -1364035.3849 188372.2543 1 8
-82.244167 -77.362688 -1365833.4588 186023.3959 1 8
-82.272595 -77.357548 -1366485.4559 185421.6841 1 8
-82.287539 -77.350663 -1367283.8153 185166.8339 1 8
-82.345270 -77.351910 -1367333.8866 183770.8284 1 8
-82.377196 -77.347805 -1367883.3872 183068.7600 1 8
-82.376755 -77.341366 -1368583.5298 183173.1823 1 8
-82.490369 -77.336880 -1369433.0304 180523.4679 1 8
-82.492547 -77.330052 -1370184.1002 180569.4736 1 8
-82.492747 -77.325935 -1370633.4582 180623.8245 1 8
-82.529752 -77.330664 -1370234.3855 179670.9716 1 8
-82.561930 -77.325636 -1370883.1728 178972.9688 1 8
-82.599207 -77.322562 -1371334.4567 178124.5381 1 8
-82.640153 -77.324185 -1371284.3853 177121.6139 1 8
-82.662194 -77.315190 -1372333.3153 176720.4014 1 8
-82.655392 -77.305375 -1373382.4592 177021.2573 1 8
-82.789447 -77.297203 -1374684.3136 173920.2591 1 8
-82.919462 -77.273296 -1377683.8852 171124.3964 1 8
-82.959251 -77.273021 -1377832.3873 170171.3295 1 8
-82.993922 -77.266629 -1378632.6725 169423.2554 1 8
-83.056423 -77.255028 -1380082.8150 168073.4696 1 8
-83.140216 -77.249943 -1380882.2443 166121.7580 1 8
-83.248406 -77.237677 -1382532.8860 163672.5429 1 8
-83.376705 -77.213995 -1385482.6003 160876.6802 1 8
-83.561595 -77.167909 -1391030.4597 156973.2571 1 8
-83.727649 -77.102955 -1398580.3161 153721.6170 1 8
-83.829163 -77.036853 -1406079.0312 152024.9696 1 8
-83.885972 -76.977432 -1412728.4597 151326.9668 1 8
-83.887875 -76.939541 -1416878.3878 151723.8997 1 8
-83.853602 -76.930943 -1417727.8884 152672.6870 1 8
-83.859339 -76.914626 -1419528.1022 152722.7584 1 8
-83.852850 -76.898469 -1421278.2446 153073.8995 1 8
-83.867792 -76.880096 -1423328.1730 152919.1920 1 8
-83.917303 -76.868512 -1424727.1742 151824.2563 1 8
-83.940645 -76.853082 -1426477.3166 151423.0438 1 8
-83.968592 -76.818572 -1430327.4588 151126.2536 1 8
-83.996471 -76.767176 -1436025.9602 151021.8313 1 8
-83.944862 -76.740353 -1438825.0325 152626.6813 1 8
-83.849904 -76.709705 -1441923.8909 155372.4727 1 8
-83.720483 -76.681311 -1444675.8877 158970.9744 1 8
-83.579871 -76.660340 -1446575.3881 162774.0409 1 8
-83.506026 -76.629151 -1449775.6730 165026.6084 1 8
-83.387285 -76.606342 -1451924.8881 168319.9745 1 8
-83.278139 -76.584196 -1454022.9620 171370.9014 1 8
-83.125720 -76.558939 -1456322.6051 175571.1148 1 8
-83.113163 -76.537539 -1458623.3181 176172.8266 1 8
-83.044911 -76.525543 -1459723.6032 178070.1872 1 8
-83.032699 -76.537557 -1458372.5335 178220.8291 1 8
-83.007909 -76.554699 -1456421.8918 178622.0416 1 8
-82.961877 -76.556556 -1456075.0302 179767.0486 1 8
-82.954231 -76.563212 -1455323.7465 179871.4709 1 8
-82.937800 -76.579215 -1453523.5327 180072.1841 1 8
-82.952919 -76.584230 -1453023.0335 179620.9003 1 8
-82.952919 -76.584230 -1453023.0335 179620.9003 1 8
