-75.862248 -79.252080 -1135614.9446 286042.3554 1 1
-75.097728 -79.132477 -1144363.0889 304540.0705 1 1
-74.502180 -79.034466 -1151487.7670 319288.6420 1 1
-73.640125 -78.841412 -1166861.3741 342538.2109 1 1
-72.822429 -78.679096 -1178860.0886 364412.5304 1 1
-71.914376 -78.514423 -1190107.7333 388656.6784 1 1
-71.446663 -78.430673 -1195606.5914 401282.3543 1 1
-70.888080 -78.344175 -1200606.0201 416026.8602 1 1
-70.280668 -78.258496 -1204979.7713 431903.9622 1 1
-69.515425 -78.172158 -1207981.4827 451275.1437 1 1
-68.488216 -78.087372 -1208356.5897 476271.4313 1 1
-67.479096 -78.029936 -1205606.5187 499893.9674 1 1
-66.360029 -77.977811 -1200856.8046 525639.3991 1 1
-64.528014 -77.834915 -1197606.4484 570510.3631 1 1
-62.958136 -77.666745 -1197981.5554 611505.0795 1 1
-61.732195 -77.491281 -1201605.9486 646127.4715 1 1
-60.308442 -77.239440 -1209231.1259 689497.1518 1 1
-59.332209 -77.036768 -1216480.1264 721368.4029 1 1
-58.033893 -76.736499 -1227851.8795 766237.4412 1 1
-57.139438 -76.505501 -1237101.8069 799109.6907 1 1
-56.416268 -76.295053 -1246226.3421 827480.8710 1 1
-55.716639 -76.080082 -1255600.3779 855978.2994 1 1
-60.124145 -79.647642 -977884.0812 561760.0790 1 2
-60.038963 -79.578217 -983634.7937 567010.2923 1 2
-59.941039 -79.499490 -990127.3748 573009.6495 1 2
-59.820375 -79.413835 -997029.2997 579810.3619 1 2
-59.680958 -79.321173 -1004378.6568 587359.3623 1 2
-59.517024 -79.215444 -1012677.6571 596107.5067 1 2
-59.360776 -79.123422 -1019725.0884 604006.3644 1 2
-59.159263 -79.005680 -1028675.0159 614205.0791 1 2
-58.958724 -78.898620 -1036574.9435 623853.8653 1 2
-58.751585 -78.788620 -1044624.2292 633854.0066 1 2
-58.600691 -78.709858 -1050323.8005 641103.0071 1 2
-58.365368 -78.585751 -1059271.5881 652551.1511 1 2
-58.185004 -78.495535 -1065622.0866 661099.8660 1 2
-57.899812 -78.368556 -1074120.7302 673799.5790 1 2
-57.579567 -78.231678 -1083018.4466 687846.2961 1 2
-57.329649 -78.135776 -1088869.5157 698246.3661 1 2
-56.964397 -78.006805 -1096266.8043 712892.8691 1 2
-56.678894 -77.910727 -1101517.0176 724142.4397 1 2
-56.344172 -77.803550 -1107066.1609 737088.8716 1 2
-56.059236 -77.715439 -1111416.8023 747989.4408 1 2
-55.697304 -77.611379 -1116114.3052 761438.5117 1 2
-55.346359 -77.512548 -1120363.5201 774436.0849 1 2
-53.159557 -76.889104 -1144863.5881 857728.4418 1 2
-52.940268 -76.823161 -1147362.8745 866476.8001 1 2
-31.554403 -80.315982 -551881.9982 898673.0869 1 3
-31.854849 -80.322913 -556186.6338 895122.7307 1 3
-32.221122 -80.329140 -561534.2080 890972.5886 1 3
-32.745554 -80.328834 -569683.8503 885823.8018 1 3
-33.540125 -80.316920 -582633.2779 878924.8727 1 3
-34.154192 -80.300410 -593033.5619 874124.8733 1 3
-34.848604 -80.270859 -605431.3491 869526.6571 1 3
-35.385030 -80.237154 -615680.9911 866826.8714 1 3
-35.841183 -80.193975 -625328.9213 865727.6562 1 3
-36.107290 -80.159327 -631577.1373 865877.0142 1 3
-36.683113 -80.071681 -645976.9214 867177.7986 1 3
-37.243347 -79.958551 -661918.6454 870677.0136 1 3
-37.663313 -79.850375 -675518.1443 875175.9431 1 3
-38.017786 -79.744359 -688068.4993 880124.2306 1 3
-38.410447 -79.592432 -704420.2089 888424.3008 1 3
-38.601271 -79.502467 -713522.7041 893773.8008 1 3
-38.840469 -79.363182 -726816.8536 902671.5171 1 3
-39.003850 -79.248947 -737265.2830 910321.7301 1 3
-39.113751 -79.138229 -746664.3545 918319.8745 1 3
-39.184710 -79.019639 -756013.5687 927469.4454 1 3
-39.239371 -78.829214 -770103.9377 942917.0895 1 3
-39.229544 -78.639476 -783101.7248 959167.3727 1 3
-39.116312 -78.416245 -796655.0040 979713.7323 1 3
-39.025323 -78.315534 -802056.9291 989563.2317 1 3
-38.919036 -78.216428 -807053.1482 999512.2318 1 3
-38.889649 -78.185001 -808706.1437 1002611.0901 1 3
-38.882566 -78.176805 -809146.9425 1003411.3753 1 3
-30.815056 -79.606506 -580021.2241 972413.5906 1 4
-31.206767 -79.634382 -585073.9338 965814.4474 1 4
-31.713340 -79.658933 -592176.7859 958316.8022 1 4
-32.331726 -79.682200 -601122.4338 949716.9460 1 4
-33.228715 -79.689536 -615476.2122 939518.2312 1 4
-33.687541 -79.680658 -623519.2925 935368.3031 1 4
-34.277858 -79.657172 -634571.5734 931019.8015 1 4
-34.810071 -79.622323 -645370.7161 928218.5893 1 4
-35.121419 -79.595862 -652072.3557 927068.2329 1 4
-35.498960 -79.552475 -660926.2062 926619.9448 1 4
-35.888428 -79.489206 -671271.9252 927720.2299 1 4
-36.251414 -79.415400 -681916.5743 929968.7318 1 4
-36.529846 -79.335024 -691669.1407 933719.5872 1 4
-36.665458 -79.274843 -697814.6463 937369.0161 1 4
-36.751470 -79.216200 -703065.9295 941469.0869 1 4
-36.981673 -79.042238 -718312.0045 953866.8741 1 4
-37.118190 -78.866508 -732208.2937 967514.3045 1 4
-37.167572 -78.731125 -742010.7175 978712.7338 1 4
-37.163751 -78.587554 -751458.1484 991311.2343 1 4
-37.108604 -78.487795 -757106.3645 1000761.6610 1 4
-37.003064 -78.373601 -762802.7261 1012160.8035 1 4
-36.871654 -78.265361 -767606.7911 1023410.3741 1 4
-38.544259 -80.866598 -619622.0747 777737.7963 1 5
-38.656847 -80.823044 -624123.3580 780236.8687 1 5
-38.814735 -80.713631 -633769.1484 787834.8705 1 5
-39.098730 -80.534497 -650020.2875 799886.0102 1 5
-39.375886 -80.404972 -662869.5725 807683.4414 1 5
-39.742720 -80.262198 -678013.1511 815432.9410 1 5
-40.112007 -80.123751 -693014.8609 822631.6562 1 5
-40.473621 -79.970731 -709063.3609 830980.9418 1 5
-40.745213 -79.848718 -721711.9327 837729.4431 1 5
-41.077379 -79.651278 -740761.0743 849827.4443 1 5
-41.359930 -79.427893 -761110.1443 864528.0843 1 5
-41.439159 -79.349954 -767955.7925 869875.6585 1 5
-41.517055 -79.262242 -775507.7886 876026.5136 1 5
-41.592904 -79.144198 -785253.9357 884673.4454 1 5
-41.655544 -79.014046 -795702.1511 894472.8734 1 5
-41.681702 -78.889310 -805203.9330 904322.3728 1 5
-41.687962 -78.761864 -814596.7991 914670.2317 1 5
-41.680734 -78.636759 -823605.3571 925020.4443 1 5
-41.667252 -78.515892 -832202.0036 935118.5884 1 5
-41.626619 -78.390210 -840698.7214 946016.1619 1 5
-41.564828 -78.253272 -849648.6489 958166.3742 1 5
-41.489871 -78.149441 -855944.7964 967814.3045 1 5
-41.380844 -78.070258 -859848.2196 975963.9467 1 5
-41.329245 -78.040235 -861145.7943 979213.2330 1 5
-46.637919 -81.677701 -658518.9312 621905.3634 1 6
-46.401681 -81.616778 -660767.4330 629203.3653 1 6
-46.185623 -81.549835 -663665.7921 636752.3657 1 6
-45.948512 -81.477945 -666668.5734 644953.1492 1 6
-45.535015 -81.361921 -671042.1107 658625.6153 1 6
-45.102842 -81.250638 -674667.7878 672250.1499 1 6
-44.564023 -81.137822 -676966.3609 687347.9367 1 6
-44.188299 -81.066030 -677913.0085 697398.1494 1 6
-43.778397 -80.987911 -678813.6503 708394.7955 1 6
-43.149006 -80.875865 -679367.2165 724744.1514 1 6
-42.414802 -80.745767 -679618.0011 743890.6539 1 6
-42.059857 -80.678593 -679916.9312 753539.6540 1 6
-41.837688 -80.626805 -680767.2877 760389.5818 1 6
-41.630496 -80.562057 -682717.0734 768138.8675 1 6
-41.466491 -80.496660 -685251.6665 775449.4942 1 6
-41.339563 -80.406596 -690039.0411 784361.9751 1 6
-41.295769 -80.294406 -697538.8261 794110.0480 1 6
-41.325515 -80.191129 -705412.6482 802233.5847 1 6
-41.492125 -80.018167 -720282.5463 814356.8356 1 6
-41.657587 -79.873467 -733159.0068 824107.0483 1 6
-42.221912 -79.361663 -778905.5770 858353.2634 1 6
-42.297233 -79.275299 -786401.2964 864327.5850 1 6
-42.438909 -78.975559 -810703.8609 886624.0870 1 6
-42.490167 -78.861459 -819946.2991 895122.7307 1 6
-42.519361 -78.738751 -829496.0125 904622.1588 1 6
-42.519346 -78.538378 -844349.2202 920821.0868 1 6
-42.512115 -78.356123 -857745.8661 935668.0891 1 6
-42.518066 -78.126965 -874841.3702 954117.6586 1 6
-42.516489 -78.119850 -875342.9393 954717.4446 1 6
-56.956106 -75.839570 -1296046.6636 843074.8774 1 7
-57.253248 -75.932899 -1291747.1634 830776.1630 1 7
-57.567468 -76.026796 -1287548.0199 818128.6611 1 7
-58.062988 -76.171439 -1281048.1634 798530.8748 1 7
-58.550084 -76.303293 -1275397.8075 780032.0898 1 7
-59.045686 -76.434539 -1269700.3761 761535.6586 1 7
-59.855315 -76.631298 -1261599.7352 732638.9435 1 7
-60.520244 -76.779149 -1255850.0926 709940.1591 1 7
-61.126388 -76.905631 -1251102.5183 689894.0847 1 7
-61.627081 -77.002034 -1247751.5915 673894.8001 1 7
-62.241143 -77.106828 -1244701.9486 655115.0594 1 7
-62.537298 -77.157237 -1243152.3054 646115.9165 1 7
-62.993916 -77.227753 -1241353.1616 632667.0596 1 7
-63.357633 -77.280578 -1240152.7338 622169.6287 1 7
-63.859998 -77.337400 -1239952.0205 608520.0585 1 7
-64.201958 -77.377903 -1239552.9478 599171.0583 1 7
-64.568523 -77.418281 -1239352.4486 589322.4148 1 7
-64.932744 -77.458175 -1239101.6640 579574.3420 1 7
-65.448053 -77.510307 -1239052.4486 566025.9843 1 7
-65.712830 -77.537279 -1238953.1619 559074.8440 1 7
-66.127324 -77.573730 -1239302.1633 548476.2006 1 7
-66.518117 -77.607588 -1239601.9493 538528.2704 1 7
-66.817358 -77.628830 -1240252.0205 531127.9861 1 7
-67.335539 -77.666833 -1241151.5924 518280.6269 1 7
-68.062000 -77.708754 -1243350.8789 500781.9844 1 7
-68.629468 -77.741472 -1244902.4478 487133.4841 1 7
-69.192587 -77.771952 -1246500.0225 473685.4830 1 7
-69.768995 -77.804467 -1247850.8783 459886.5548 1 7
-70.440133 -77.847952 -1248651.3774 443639.4813 1 7
-71.012749 -77.902550 -1247352.5188 429187.4861 1 7
-71.378736 -77.943066 -1245852.0911 419790.3404 1 7
-71.943457 -78.020916 -1241801.4497 404841.0557 1 7
-72.293559 -78.077811 -1238301.1648 395345.6932 1 7
-72.594071 -78.127971 -1235103.0198 387198.1907 1 7
-72.909506 -78.180519 -1231702.2356 378697.4073 1 7
-73.335664 -78.249758 -1227204.1620 367346.4102 1 7
-73.688895 -78.309017 -1223203.5920 357947.1247 1 7
-74.091301 -78.367133 -1219553.9491 347599.2659 1 7
-74.390079 -78.410613 -1216754.8767 339951.1927 1 7
-74.691115 -78.443394 -1215055.0196 332603.9755 1 7
-74.944307 -78.467074 -1214003.9498 326556.4727 1 7
-75.301953 -78.489338 -1213656.0183 318352.4795 1 7
-75.640383 -78.506831 -1213656.0183 310702.2665 1 7
-76.141933 -78.524425 -1214455.2336 299604.1938 1 7
-76.463580 -78.529240 -1215604.5202 292658.1891 1 7
-77.321315 -78.529930 -1219775.4184 274411.4725 1 7
-72.585994 -77.628421 -1287398.6619 403791.9118 1 8
-72.180420 -77.625630 -1284800.0887 412988.5582 1 8
-71.857270 -77.620837 -1282950.8736 420392.2662 1 8
-71.093261 -77.597578 -1279649.1622 438289.9813 1 8
-70.389210 -77.573091 -1276701.5877 454883.9164 1 8
-69.169921 -77.512048 -1273002.9434 484333.3418 1 8
-68.523436 -77.476906 -1271051.2318 500079.9160 1 8
-68.188162 -77.456831 -1270151.6599 508328.8450 1 8
-67.571572 -77.416047 -1268751.5887 523678.2724 1 8
-67.272742 -77.396327 -1268002.4448 531125.8463 1 8
-66.690558 -77.351650 -1267050.6617 545925.7730 1 8
-66.408890 -77.328313 -1266702.7302 553174.7734 1 8
-65.850723 -77.277499 -1266351.5891 567773.9869 1 8
-65.545553 -77.247605 -1266301.5177 575871.4181 1 8
-64.942425 -77.181022 -1266802.0170 592269.9893 1 8
-64.450362 -77.123234 -1267402.6588 605868.4183 1 8
-63.932362 -77.054621 -1268652.3020 620618.0597 1 8
-63.462405 -76.986217 -1270250.9466 634364.7769 1 8
-63.096670 -76.930911 -1271601.8023 645213.3489 1 8
-62.648417 -76.855339 -1273900.5895 658962.2058 1 8
-61.938619 -76.727541 -1278050.5176 681308.7792 1 8
-61.426061 -76.629830 -1281350.0892 697858.8483 1 8
-61.100250 -76.564572 -1283650.8022 708605.9938 1 8
-60.687942 -76.473114 -1287299.3751 722754.9933 1 8
-60.516956 -76.432300 -1289049.3036 728805.4918 1 8
-59.549419 -76.192336 -1299346.2352 763864.6170 1 8
-59.107546 -76.077434 -1304281.8978 780363.3309 1 8
-58.816735 -76.000123 -1307594.0943 791385.2267 1 8
-58.373026 -75.860919 -1314493.0234 809534.7963 1 8
-57.729906 -75.662323 -1323842.0236 835931.3691 1 8
-63.178445 -82.335791 -744211.2878 376279.6472 1 9
-62.894465 -82.288211 -746959.0050 382329.2898 1 9
-62.653399 -82.242122 -749811.3584 387779.1464 1 9
-62.273663 -82.172410 -753959.3607 396279.7159 1 9
-61.862642 -82.091758 -758859.7166 405829.4293 1 9
-61.386633 -81.987437 -765458.6459 417573.2937 1 9
-61.043892 -81.898862 -771407.9318 426826.2168 1 9
-60.676825 -81.790131 -779008.0734 437573.3623 1 9
-60.346292 -81.664898 -788354.9338 448825.9286 1 9
-60.012550 -81.497070 -801603.2915 462571.7898 1 9
-59.504878 -81.234340 -822205.2859 484221.6443 1 9
-59.085144 -81.028861 -837900.5050 501768.2182 1 9
-58.858824 -80.877720 -850051.7872 513617.5747 1 9
-58.642198 -80.719734 -862853.1407 525815.9326 1 9
-58.519289 -80.620807 -870948.4321 533314.6477 1 9
-58.239256 -80.418445 -887149.4998 549214.8596 1 9
-58.001639 -80.247252 -900746.8589 562813.2886 1 9
-57.731400 -80.062259 -915198.8541 577862.9299 1 9
-57.477704 -79.905037 -927141.0779 591161.3590 1 9
-57.295099 -79.790101 -935840.2209 600911.7856 1 9
-57.025578 -79.632369 -947492.2878 614707.5042 1 9
-56.867194 -79.540777 -954189.4338 622807.0751 1 9
-56.626826 -79.408820 -963639.0046 634755.7183 1 9
-56.427933 -79.298086 -971537.8623 644805.7170 1 9
-56.165389 -79.167737 -980437.5045 657203.7182 1 9
-55.943687 -79.056019 -988031.4407 667849.4372 1 9
-55.675633 -78.921998 -997029.2997 680748.7935 1 9
-55.416933 -78.792590 -1005627.2301 693297.2227 1 9
-55.189269 -78.683045 -1012727.9424 704145.5807 1 9
-54.987628 -78.584712 -1019077.3710 713893.6536 1 9
-54.789834 -78.492455 -1024876.0150 723242.8677 1 9
-53.982006 -78.180696 -1042249.4791 757738.7975 1 9
-53.044108 -77.846865 -1058997.9077 796734.7267 1 9
-52.138527 -77.581997 -1069246.6938 831231.7264 1 9
-52.135843 -77.581020 -1069292.4855 831347.7035 1 9
-51.964497 -77.536656 -1070641.4154 837545.6342 1 9
-51.354110 -77.403478 -1073090.4165 858044.9182 1 9
-50.947261 -77.308940 -1075041.2722 872190.9221 1 9
-50.751331 -77.269702 -1075393.2693 878591.4918 1 9
-50.632784 -77.247122 -1075492.5560 882389.4228 1 9
-54.876441 -76.247771 -1227800.7383 863667.2427 1 10
-55.517754 -76.437386 -1220174.4911 838046.1335 1 10
-56.122055 -76.601667 -1213927.5590 815047.3491 1 10
-56.567175 -76.726005 -1208800.5982 798051.1317 1 10
-57.087641 -76.855342 -1204050.8841 779303.9159 1 10
-57.875738 -77.038899 -1197553.1674 751930.5244 1 10
-58.566630 -77.195850 -1191804.3807 728433.5946 1 10
-59.575897 -77.400441 -1185053.9537 695937.3079 1 10
-60.826355 -77.649532 -1176056.9506 656566.2718 1 10
-61.600487 -77.786801 -1171554.8114 633444.4489 1 10
-62.288079 -77.892381 -1168805.8103 613947.0193 1 10
-62.985461 -77.992151 -1166430.8463 594699.0903 1 10
-63.430635 -78.051566 -1165181.4171 582700.3758 1 10
-63.971179 -78.100432 -1165806.0247 569327.6957 1 10
-64.523727 -78.147704 -1166557.3085 555826.4136 1 10
-64.935595 -78.190105 -1166306.5239 545454.5890 1 10
-65.364321 -78.239450 -1165431.9877 534454.5192 1 10
-65.913048 -78.304974 -1163931.7739 520333.7650 1 10
-66.321067 -78.357705 -1162308.0937 509707.9461 1 10
