-64.194037 -75.224663 -1453016.8281 702602.3569 1 1
-64.174094 -75.218343 -1453400.2802 703412.0573 1 1
-64.122925 -75.211014 -1453499.5670 705062.9130 1 1
-64.058634 -75.208582 -1452948.9964 706810.9156 1 1
-63.976785 -75.203941 -1452398.2119 709110.5586 1 1
-63.903574 -75.196814 -1452197.7126 711311.9849 1 1
-63.800564 -75.194966 -1451099.5673 714011.7705 1 1
-63.726875 -75.192243 -1450449.7100 716010.5577 1 1
-63.617446 -75.183451 -1449949.2108 719210.8426 1 1
-63.574637 -75.174980 -1450248.9968 720710.2005 1 1
-63.538151 -75.161234 -1451148.5687 722309.9149 1 1
-63.513582 -75.152526 -1451699.3532 723360.9847 1 1
-63.479658 -75.156797 -1450848.7827 724009.7721 1 1
-63.455970 -75.160843 -1450149.7101 724409.9147 1 1
-63.453619 -75.166116 -1449599.1395 724209.2014 1 1
-63.452819 -75.175627 -1448649.4963 723760.0574 1 1
-63.414114 -75.179276 -1447799.9957 724558.2028 1 1
-63.342826 -75.181287 -1446698.8546 726259.3438 1 1
-63.281950 -75.178001 -1446250.5665 727959.2009 1 1
-63.182397 -75.169193 -1445851.4938 730909.7711 1 1
-63.149337 -75.162896 -1446049.8533 732057.9878 1 1
-63.132089 -75.156585 -1446451.0658 732808.2017 1 1
-63.097251 -75.158146 -1445851.4938 733609.5568 1 1
-63.065718 -75.155083 -1445748.9974 734558.3441 1 1
-63.039836 -75.148154 -1446099.0687 735558.2727 1 1
-63.029825 -75.140223 -1446751.0657 736208.1299 1 1
-63.046669 -75.128719 -1448099.7817 736358.5579 1 1
-63.066678 -75.117607 -1449450.8514 736408.6292 1 1
-63.073300 -75.103265 -1450948.0694 736958.3438 1 1
-63.092309 -75.098629 -1451649.0679 736708.6291 1 1
-63.092461 -75.093556 -1452150.6370 736958.3438 1 1
-63.096545 -75.085485 -1452997.9978 737258.1298 1 1
-63.146736 -75.076552 -1454523.4613 736430.6691 1 1
-63.177778 -75.073232 -1455249.4954 735807.9873 1 1
-63.174886 -75.056635 -1456848.1400 736708.6291 1 1
-63.207365 -75.036017 -1459298.2110 736909.1284 1 1
-63.252202 -75.023109 -1461147.6401 736408.6292 1 1
-63.311804 -75.011605 -1463048.2105 735458.9859 1 1
-63.352512 -75.008799 -1463847.4258 734558.3441 1 1
-63.437039 -75.016695 -1464149.3516 732007.9165 1 1
-63.545866 -75.032261 -1463997.8537 728459.7001 1 1
-63.661191 -75.041501 -1464546.4984 725058.7020 1 1
-63.815741 -75.046548 -1465996.6409 720859.5585 1 1
-63.899487 -75.042535 -1467446.7834 718911.0566 1 1
-63.970520 -75.036828 -1468903.3452 717367.8329 1 1
-64.031359 -75.026435 -1470696.2836 716310.3437 1 1
-64.048015 -75.012424 -1472295.9981 716560.0584 1 1
-64.077897 -75.006362 -1473271.7469 716084.8088 1 1
-64.060715 -74.998424 -1473845.4273 716910.1296 1 1
-64.035155 -74.984125 -1474945.4985 718259.0596 1 1
-63.939554 -74.975049 -1474645.7125 721159.5585 1 1
-63.840275 -74.969979 -1473896.5685 723960.5567 1 1
-63.739328 -74.954549 -1474147.3531 727310.4136 1 1
-63.645704 -74.943548 -1474045.9266 730257.7741 1 1
-63.601300 -74.941360 -1473696.0693 731507.4173 1 1
-63.586384 -74.935899 -1474045.9266 732159.4143 1 1
-63.578534 -74.929826 -1474546.4258 732659.9136 1 1
-63.580880 -74.923561 -1475196.2830 732907.4884 1 1
-63.598600 -74.909168 -1476847.1387 733158.2730 1 1
-63.592183 -74.893208 -1478344.3568 734107.9162 1 1
-63.569550 -74.874594 -1479895.9258 735607.2741 1 1
-63.533827 -74.863880 -1480496.7816 737057.4165 1 1
-63.516040 -74.874202 -1479247.1384 737008.4151 1 1
-63.447062 -74.892034 -1476596.3542 737907.9870 1 1
-63.374893 -74.907407 -1474147.3531 739006.1324 1 1
-63.278322 -74.920112 -1471645.9269 740858.5573 1 1
-63.266603 -74.926168 -1470896.7829 740858.5573 1 1
-63.234701 -74.929587 -1470146.7830 741507.3446 1 1
-63.169360 -74.928102 -1469446.6404 743257.4870 1 1
-63.116575 -74.921146 -1469446.6404 744958.4141 1 1
-63.049999 -74.910330 -1469645.2139 747206.9159 1 1
-63.042567 -74.900179 -1470547.9955 747905.9886 1 1
-63.040507 -74.887218 -1471797.4247 748608.0569 1 1
-63.047164 -74.871870 -1473396.0693 749205.7031 1 1
-63.072955 -74.861599 -1474744.9992 749056.3450 1 1
-63.085449 -74.858176 -1475245.4984 748905.9171 1 1
-63.095780 -74.845837 -1476596.3542 749256.8443 1 1
-63.099262 -74.829058 -1478295.3554 750005.9883 1 1
-63.092378 -74.825610 -1478545.0700 750356.0596 1 1
-63.102817 -74.809229 -1480296.0684 750905.5602 1 1
-63.145074 -74.779340 -1483796.3532 751305.7028 1 1
-63.199246 -74.760193 -1486394.7124 750856.5588 1 1
-63.253340 -74.742036 -1488895.0687 750356.0596 1 1
-63.274387 -74.716971 -1491644.9256 751054.9182 1 1
-63.259124 -74.707355 -1492394.0696 751930.5244 1 1
-63.236274 -74.699244 -1492894.5688 752929.3830 1 1
-63.230656 -74.687093 -1494019.8897 753680.6668 1 1
-63.253856 -74.672454 -1495770.0321 753803.9193 1 1
-63.246241 -74.663849 -1496519.1761 754430.8807 1 1
-63.223449 -74.653205 -1497269.3899 755556.2015 1 1
-63.190765 -74.620212 -1500093.4980 758055.2739 1 1
-63.157605 -74.641618 -1497543.0704 757854.7747 1 1
-63.089918 -74.662956 -1494543.2847 758555.7732 1 1
-63.016889 -74.679008 -1491993.9270 759654.9884 1 1
-62.945138 -74.696249 -1489344.2127 760655.9869 1 1
-62.886541 -74.706632 -1487543.9989 761655.7014 1 1
-62.853558 -74.707737 -1486996.6381 762456.2006 1 1
-62.819948 -74.705227 -1486795.9249 763455.0592 1 1
-62.778973 -74.695608 -1487194.9976 765004.4884 1 1
-62.757770 -74.689674 -1487494.9975 765855.0589 1 1
-62.730387 -74.685947 -1487494.9975 766754.6308 1 1
-62.710170 -74.676576 -1488144.8548 767754.3454 1 1
-62.692840 -74.670658 -1488493.8562 768504.5593 1 1
-62.677858 -74.679294 -1487444.7122 768455.5579 1 1
-62.685738 -74.692072 -1486295.4256 767602.8476 1 1
-62.688275 -74.701589 -1485394.7838 767054.4168 1 1
-62.706700 -74.716819 -1484145.3546 765804.7736 1 1
-62.717665 -74.727980 -1483195.4974 764955.2730 1 1
-62.711020 -74.738278 -1482095.2122 764605.4157 1 1
-62.702779 -74.751392 -1480697.2809 764153.9179 1 1
-62.687692 -74.760046 -1479646.2111 764104.9165 1 1
-62.669832 -74.763227 -1479095.6406 764404.7025 1 1
-62.654533 -74.761147 -1479095.6406 764905.2017 1 1
-62.628543 -74.757610 -1479095.6406 765755.7722 1 1
-62.606455 -74.754090 -1479145.7119 766504.9162 1 1
-62.587088 -74.757060 -1478595.1414 766853.7036 1 1
-62.581426 -74.761878 -1478046.7106 766754.6308 1 1
-62.584664 -74.772024 -1477094.7136 766154.8449 1 1
-62.603370 -74.783208 -1476247.3528 765103.7751 1 1
-62.608095 -74.808309 -1473847.5671 763705.8438 1 1
-62.609077 -74.832393 -1471497.6387 762456.2006 1 1
-62.596875 -74.858258 -1468797.8531 761454.1323 1 1
-62.579933 -74.883488 -1466098.0674 760604.6317 1 1
-62.577895 -74.905127 -1463948.8523 759555.7017 1 1
-62.611032 -74.923886 -1462547.7113 757755.4880 1 1
-62.613214 -74.954248 -1459598.2109 756156.8434 1 1
-62.580700 -74.978415 -1456799.1386 755755.6309 1 1
-62.523634 -74.992157 -1454698.9249 756505.8448 1 1
-62.481147 -74.996623 -1453700.0662 757356.4153 1 1
-62.439010 -74.996051 -1453198.7111 758454.5606 1 1
-62.389469 -74.989345 -1453198.7111 760054.0611 1 1
-62.367586 -74.988429 -1452997.9978 760655.9869 1 1
-62.326850 -74.979319 -1453348.0691 762156.2006 1 1
-62.313635 -74.969340 -1454148.3543 763003.5614 1 1
-62.269245 -74.968386 -1453649.9949 764178.9536 1 1
-62.226433 -74.966645 -1453248.7824 765354.5597 1 1
-62.142993 -74.957251 -1453050.2090 767955.0586 1 1
-62.086422 -74.945388 -1453449.2817 770002.8472 1 1
-62.041915 -74.929520 -1454399.1389 771953.4889 1 1
-62.038335 -74.925888 -1454705.3443 772232.5188 1 1
-62.020126 -74.931640 -1453898.6397 772396.6415 1 1
-61.981304 -74.944215 -1452148.4972 772728.9524 1 1
-61.975242 -74.954905 -1451024.2463 772327.7399 1 1
-61.943210 -74.972669 -1448860.4806 772215.8284 1 1
-61.974573 -74.999278 -1446688.3696 770041.5776 1 1
-61.956590 -75.004901 -1445898.3554 770203.5605 1 1
-61.958228 -75.020485 -1444401.1374 769352.9900 1 1
-61.942111 -75.039809 -1442301.1376 768755.3438 1 1
-61.918438 -75.041684 -1441800.6384 769253.7033 1 1
-61.920562 -75.028115 -1443151.4942 769905.7003 1 1
-61.906684 -75.018523 -1443899.5682 770754.1310 1 1
-61.865153 -75.026116 -1442600.9236 771405.0582 1 1
-61.820469 -75.026607 -1441951.0664 772504.2734 1 1
-61.764162 -75.033186 -1440550.9952 773577.1692 1 1
-61.666185 -75.026243 -1439901.1380 776403.4170 1 1
-61.679217 -75.015206 -1441150.7812 776654.2016 1 1
-61.680144 -74.994760 -1443151.4942 777702.2756 1 1
-61.675796 -74.972051 -1445300.7093 779001.9901 1 1
-61.648540 -74.951794 -1446899.3539 780752.1325 1 1
-61.647051 -74.938195 -1448201.2082 781503.2023 1 1
-61.628336 -74.925292 -1449200.0668 782653.5588 1 1
-61.604237 -74.906465 -1450700.4946 784252.2034 1 1
-61.556499 -74.890474 -1451600.0665 786302.1318 1 1
-61.520186 -74.870946 -1452997.9978 788250.8477 1 1
-61.469849 -74.873331 -1452073.3903 789401.2041 1 1
-61.403905 -74.878906 -1450623.0338 790777.0955 1 1
-61.343484 -74.887044 -1448999.3536 791875.2409 1 1
-61.177360 -74.920328 -1443475.4599 794300.2762 1 1
-60.934385 -74.974622 -1434851.4239 797500.5611 1 1
-60.811267 -75.003989 -1430302.4231 798999.9190 1 1
-60.696620 -75.035621 -1425653.9216 800150.2755 1 1
-60.610622 -75.066793 -1421451.5684 800599.6335 1 1
-60.511695 -75.113744 -1415553.6376 800500.3467 1 1
-60.424462 -75.146849 -1411153.7809 800850.2040 1 1
-60.303865 -75.178250 -1406453.0682 802100.9171 1 1
-60.119800 -75.221225 -1399754.8523 804251.2022 1 1
-59.899443 -75.261489 -1392805.6378 807399.2759 1 1
-59.717143 -75.291624 -1387356.8511 810149.1329 1 1
-59.545791 -75.322841 -1381957.2798 812548.0627 1 1
-59.317140 -75.366493 -1374559.9912 815597.9196 1 1
-59.174347 -75.387225 -1370558.1372 817848.5613 1 1
-59.127892 -75.389185 -1369708.8506 818848.4898 1 1
-59.043198 -75.400172 -1367457.1391 820248.5609 1 1
-58.734885 -75.458627 -1357509.4228 824246.9912 1 1
-58.475759 -75.503357 -1349560.4938 827797.3474 1 1
-58.092790 -75.565131 -1338211.4226 833196.9187 1 1
-57.942302 -75.597806 -1332963.3491 834795.5633 1 1
-57.797590 -75.634610 -1327415.2756 835995.9911 1 1
-57.639444 -75.672048 -1321614.4918 837446.3475 1 1
-57.490750 -75.706665 -1316216.8463 838821.3830 1 1
-57.301627 -75.753521 -1309092.1682 840369.7423 1 1
-57.142630 -75.782000 -1304116.9193 842295.3483 1 1
-57.020824 -75.801523 -1300517.3477 843893.9929 1 1
-56.826266 -75.836472 -1294418.7037 846196.6317 1 1
-56.651252 -75.863713 -1289318.9184 848495.4188 1 1
-56.606089 -75.868939 -1288168.5619 849194.2775 1 1
-56.560175 -75.868625 -1287516.5648 850245.3472 1 1
-56.478090 -75.887424 -1284569.2043 850944.4199 1 1
-56.455978 -75.896368 -1283418.8478 850895.2045 1 1
-56.299656 -75.926607 -1278319.0625 852543.9204 1 1
-56.129093 -75.958348 -1272870.2758 854395.4893 1 1
-56.006548 -75.970057 -1269969.7769 856394.2765 1 1
-55.839979 -75.987652 -1265869.9201 858993.7056 1 1
-55.800669 -75.997619 -1264371.6321 859244.4901 1 1
-55.720733 -76.007524 -1262269.4926 860392.7068 1 1
-55.644863 -76.027934 -1259271.8468 860793.9193 1 1
-55.609606 -76.034755 -1258121.4903 861143.9906 1 1
-55.580838 -76.046487 -1256622.3464 861044.7039 1 1
-55.467620 -76.073430 -1252472.2043 861842.8493 1 1
-55.414346 -76.088832 -1250272.9179 862043.5625 1 1
-55.368286 -76.096084 -1248921.8482 862594.1330 1 1
-55.298459 -76.120335 -1245672.5619 862594.1330 1 1
-55.262506 -76.124844 -1244722.7046 863092.4925 1 1
-55.159557 -76.150788 -1240823.5611 863694.4182 1 1
-55.072454 -76.167223 -1238024.2747 864542.8489 1 1
-54.986471 -76.196596 -1234074.8459 864542.8489 1 1
-54.960288 -76.199962 -1233375.9872 864893.7761 1 1
-54.888259 -76.222851 -1230224.7037 864993.0628 1 1
-54.815865 -76.241812 -1227423.4915 865343.1341 1 1
-54.653595 -76.257875 -1223524.3480 867792.1352 1 1
-54.469988 -76.283112 -1218474.6340 870092.8482 1 1
-54.367294 -76.306994 -1214774.9198 870742.7054 1 1
-54.296355 -76.315604 -1212925.7046 871692.5626 1 1
-54.351270 -76.337200 -1211827.5592 869143.2049 1 1
-54.178067 -76.387775 -1204677.8455 869542.2776 1 1
-53.973950 -76.453946 -1195678.7026 869542.2776 1 1
-53.868578 -76.483156 -1191479.5591 869843.1335 1 1
-53.664307 -76.540542 -1183280.7014 870341.4929 1 1
-53.500251 -76.589158 -1176481.0590 870542.2062 1 1
-53.376092 -76.629457 -1171031.2023 870442.9194 1 1
-53.269339 -76.671686 -1165681.7023 869843.1335 1 1
-53.212842 -76.702781 -1162082.3448 868942.4917 1 1
-53.156411 -76.725404 -1159233.2011 868593.4903 1 1
-53.076376 -76.751383 -1155732.9162 868494.2036 1 1
-53.053378 -76.771282 -1153633.9864 867641.7073 1 1
-53.006783 -76.783173 -1151882.7741 867792.1352 1 1
-52.896664 -76.811964 -1147685.7704 868092.9911 1 1
-52.869084 -76.815763 -1146934.4866 868392.9910 1 1
-52.808598 -76.828682 -1144884.5582 868743.9182 1 1
-52.780251 -76.831192 -1144234.7009 869143.2049 1 1
-52.710445 -76.833349 -1142986.1276 870392.8481 1 1
-52.677649 -76.835654 -1142285.9851 870893.1334 1 1
-52.652651 -76.843885 -1141185.9139 870841.9921 1 1
-52.643004 -76.856495 -1139936.2707 870192.1349 1 1
-52.614724 -76.864166 -1138835.9855 870242.2062 1 1
-52.528255 -76.867428 -1137236.4850 871741.5641 1 1
-52.392422 -76.864347 -1135435.2014 874642.0630 1 1
-52.154378 -76.871895 -1131135.7012 878842.2764 1 1
-51.988352 -76.886274 -1127337.7702 881141.9194 1 1
-51.869268 -76.911890 -1123286.9148 881742.7753 1 1
-51.741547 -76.943493 -1118588.3420 882091.5627 1 1
-51.698146 -76.964709 -1116088.1997 881491.9907 1 1
-51.633911 -77.001358 -1111938.0576 880240.2077 1 1
-51.615673 -77.018961 -1110139.9836 879391.7770 1 1
-51.586421 -77.026516 -1109039.6985 879442.0623 1 1
-51.392490 -77.053474 -1103739.4139 881340.4929 1 1
-51.193573 -77.083585 -1098092.0537 883091.4912 1 1
-51.043618 -77.102695 -1094142.6249 884640.9204 1 1
-50.906013 -77.127574 -1089891.2702 885540.7063 1 1
-50.738201 -77.166915 -1083943.0542 885990.9202 1 1
-50.626239 -77.196535 -1079691.6995 886040.9915 1 1
-50.550693 -77.216899 -1076793.3404 886040.9915 1 1
-50.462592 -77.242672 -1073244.0542 885891.6335 1 1
-50.389620 -77.277139 -1069195.3386 884841.6336 1 1
-50.333843 -77.301224 -1066295.0537 884191.7764 1 1
-50.241847 -77.327000 -1062695.4821 884090.3499 1 1
-50.201765 -77.343944 -1060645.5537 883641.2058 1 1
-50.177857 -77.364448 -1058545.5540 882640.2074 1 1
-50.115735 -77.382131 -1056096.3389 882540.9207 1 1
-50.079504 -77.402215 -1053844.8414 881791.7767 1 1
-50.054416 -77.431431 -1050996.5536 880191.2063 1 1
-50.076186 -77.444892 -1050196.2684 878842.2764 1 1
-50.064390 -77.448696 -1049694.6993 878790.0653 1 1
-49.980892 -77.473845 -1046296.0549 878541.4205 1 1
-49.940337 -77.499129 -1043547.0539 877493.3465 1 1
-49.903432 -77.514997 -1041647.5534 877042.0626 1 1
-49.856628 -77.521340 -1040397.9102 877443.2751 1 1
-49.840027 -77.528424 -1039548.6236 877242.5619 1 1
-49.864461 -77.541235 -1038846.3412 875891.7062 1 1
-49.811474 -77.570263 -1035598.9807 874793.5608 1 1
-49.705162 -77.605751 -1030999.6946 874191.6351 1 1
-49.572709 -77.637743 -1026300.0519 874293.0616 1 1
-49.391337 -77.661444 -1021550.3378 875842.4908 1 1
-49.249811 -77.679865 -1017850.6236 877042.0626 1 1
-49.159619 -77.690315 -1015600.1960 877892.4192 1 1
-48.974560 -77.712164 -1010948.4847 879592.4903 1 1
-48.866314 -77.724056 -1008300.9102 880641.4202 1 1
-48.798228 -77.724709 -1007199.7691 881791.7767 1 1
-48.765317 -77.720979 -1007001.1957 882640.2074 1 1
-48.735196 -77.726884 -1006049.4126 882741.6339 1 1
-48.697015 -77.725769 -1005552.9790 883492.7037 1 1
-48.695116 -77.734542 -1004799.7694 882889.9221 1 1
-48.611057 -77.747919 -1002400.8397 883391.4912 1 1
-48.553223 -77.747388 -1001552.4090 884441.4910 1 1
-48.501134 -77.750993 -1000451.2679 885089.2085 1 1
-48.447622 -77.754863 -999306.0469 885741.2056 1 1
-48.425607 -77.752604 -999151.3394 886289.8503 1 1
-48.403458 -77.738701 -999950.7687 887689.9214 1 1
-48.332663 -77.735068 -999151.3394 889190.1352 1 1
-48.115080 -77.762155 -993552.1247 890991.4188 1 1
-47.995993 -77.765758 -991403.9795 892789.7068 1 1
-47.928211 -77.774887 -989602.6959 893289.9920 1 1
-47.750429 -77.789312 -985653.2670 895290.9190 1 1
-47.592776 -77.801532 -982194.9222 897094.3424 1 1
-47.556526 -77.797748 -981933.8666 897996.0541 1 1
-47.395018 -77.785958 -980351.9125 901637.1378 1 1
-47.233130 -77.774116 -978755.4077 905286.7807 1 1
-47.143246 -77.773229 -977405.4079 906887.3511 1 1
-47.050351 -77.773012 -975951.1998 908487.0656 1 1
-46.955211 -77.775965 -974204.2671 909884.9969 1 1
-46.850720 -77.778941 -972304.7666 911436.5659 1 1
-46.730145 -77.774894 -970708.2619 913785.4244 1 1
-46.629202 -77.782297 -968505.7657 914935.7808 1 1
-46.485456 -77.788594 -965705.6234 916886.4225 1 1
-46.194436 -77.800362 -960103.1991 920884.8528 1 1
-46.023533 -77.814225 -956256.2666 922687.2063 1 1
-45.860292 -77.834111 -952056.0532 923886.7782 1 1
-45.709775 -77.844530 -948806.5529 925585.5654 1 1
-45.581931 -77.855147 -945906.0540 926884.2101 1 1
-45.476898 -77.869826 -943055.8404 927486.1358 1 1
-45.299991 -77.895830 -938157.6243 928384.6378 1 1
-45.194140 -77.909144 -935403.4877 929085.8503 1 1
-45.152938 -77.921065 -933806.9829 928835.0657 1 1
-44.900428 -77.955212 -927057.4118 930285.2082 1 1
-44.728605 -77.983765 -922056.9131 930833.6389 1 1
-44.631745 -78.018390 -917810.9080 929685.4222 1 1
-44.522336 -78.038845 -914459.1253 929834.9943 1 1
-44.317470 -78.089930 -907210.1248 929085.8503 1 1
-44.154603 -78.143583 -900462.4795 927434.9946 1 1
-44.105667 -78.160971 -898341.5097 926833.0688 1 1
-44.081541 -78.169542 -897296.6454 926535.4227 1 1
-44.034674 -78.173134 -896264.4059 926985.6366 1 1
-43.886503 -78.194811 -892214.6204 927585.4225 1 1
-43.850498 -78.176617 -893015.1196 929586.1355 1 1
-43.754759 -78.175876 -891516.8316 931135.7787 1 1
-43.686990 -78.177188 -890315.3339 932085.4219 1 1
-43.585045 -78.162520 -889765.6193 934834.4230 1 1
-43.504046 -78.157572 -888817.0460 936485.2787 1 1
-43.427557 -78.166194 -886915.4057 936983.6381 1 1
-43.361492 -78.177719 -884965.8339 937085.9205 1 1
-43.282974 -78.187274 -882961.6972 937534.2086 1 1
-43.083506 -78.166301 -881265.0498 942283.9227 1 1
-42.880893 -78.140336 -879866.9045 947482.9948 1 1
-42.687199 -78.112702 -878715.6921 952682.0668 1 1
-42.651691 -78.102714 -878868.0459 954032.9226 1 1
-42.511042 -78.116994 -875464.0520 955031.7812 1 1
-42.382724 -78.116468 -873361.9125 957032.7082 1 1
-42.232537 -78.110156 -871316.0497 959831.7806 1 1
-42.069784 -78.097531 -869514.7661 963331.8514 1 1
-41.983802 -78.085315 -868965.2654 965632.5644 1 1
-41.954005 -78.067595 -869763.6248 967531.2089 1 1
-41.908963 -78.055142 -869915.9786 969232.1359 1 1
-41.875861 -78.044790 -870114.5520 970580.8519 1 1
-41.851021 -78.032882 -870566.0498 971931.9216 1 1
-41.745651 -78.031681 -868864.9088 973629.6389 1 1
-41.710796 -78.034468 -868068.9032 973929.6389 1 1
-41.699075 -78.031739 -868068.9032 974330.8514 1 1
-41.547987 -78.027323 -865818.2616 976979.4958 1 1
-41.496265 -78.025248 -865086.8779 977931.2789 1 1
-41.463110 -78.029247 -864230.1020 978102.6768 1 1
-41.436652 -78.025274 -864067.0493 978828.7110 1 1
-41.352961 -78.029660 -862318.1907 979728.2829 1 1
-41.280461 -78.037403 -860516.9071 980179.7807 1 1
-41.207980 -78.049979 -858366.6221 980228.7821 1 1
-41.118840 -78.060651 -856069.9747 980680.2799 1 1
-41.152708 -78.056956 -856916.4796 980479.5667 1 1
-41.171042 -78.053637 -857470.0459 980479.5667 1 1
-41.194075 -78.049464 -858165.9088 980479.5667 1 1
-41.218388 -78.042043 -859118.7618 980728.2114 1 1
-41.247011 -78.030161 -860468.7616 981279.8519 1 1
-41.240490 -78.025904 -860665.1952 981729.2099 1 1
-41.218251 -78.022686 -860516.9071 982328.9958 1 1
-41.185641 -78.022554 -859967.1925 982829.4950 1 1
-41.142855 -78.024885 -859064.6248 983278.6391 1 1
-41.123521 -78.017514 -859265.1241 984178.2110 1 1
-41.087437 -78.018595 -858567.1213 984629.7088 1 1
-41.056478 -78.013331 -858414.5536 985529.2807 1 1
-41.039959 -78.007273 -858567.1213 986278.4247 1 1
-41.031943 -77.998457 -859064.6248 987128.7812 1 1
-41.010449 -77.998134 -858717.5493 987477.7826 1 1
-40.757101 -78.003394 -853965.6954 990827.6395 1 1
-40.704951 -78.006112 -852868.8339 991378.2100 1 1
-40.641494 -78.018046 -850916.9084 991327.9247 1 1
-40.605616 -78.026840 -849667.4791 991127.4255 1 1
-40.597917 -78.030592 -849266.2666 990928.8520 1 1
-40.596727 -78.037997 -848716.5520 990329.0661 1 1
-40.579168 -78.043520 -848018.5493 990128.5668 1 1
-40.530655 -78.052120 -846566.2670 990128.5668 1 1
-40.434834 -78.066057 -843916.7666 990378.2815 1 1
-40.392989 -78.073425 -842669.0493 990378.2815 1 1
-40.341846 -78.084206 -841018.4075 990227.8535 1 1
-40.196316 -78.103673 -837121.1898 990728.3528 1 1
-40.070131 -78.116649 -834020.1916 991479.4226 1 1
-39.921444 -78.130453 -830471.9753 992478.2812 1 1
-39.817440 -78.138249 -828120.9770 993326.7119 1 1
-39.554711 -78.148117 -822867.5540 996278.3520 1 1
-39.421313 -78.157137 -819916.9838 997426.5687 1 1
-39.315456 -78.164359 -817570.4791 998326.3546 1 1
-39.191075 -78.166981 -815219.4809 999875.7838 1 1
-38.970479 -78.166160 -811420.4800 1003077.1386 1 1
-38.903242 -78.167930 -810120.7654 1003877.4238 1 1
-38.821104 -78.168047 -808672.7628 1005027.7802 1 1
-38.704834 -78.172592 -806319.6247 1006277.4234 1 1
-38.643886 -78.177363 -804921.6934 1006725.4976 1 1
-38.667380 -78.174667 -805519.3395 1006626.4248 1 1
-38.706942 -78.165856 -806819.0540 1006824.7843 1 1
-38.737419 -78.156156 -808020.7657 1007225.9968 1 1
-38.722131 -78.152242 -808020.7657 1007776.7813 1 1
-38.653543 -78.153598 -806720.8372 1008627.1378 1 1
-38.584435 -78.164355 -804767.1998 1008676.3532 1 1
-38.519306 -78.168028 -803369.0545 1009275.0693 1 1
-38.453620 -78.175222 -801720.3386 1009576.9950 1 1
-38.189325 -78.186101 -796316.4877 1012325.7821 1 1
-38.109250 -78.198393 -794068.1998 1012376.0674 1 1
-38.060721 -78.205604 -792722.4796 1012425.0688 1 1
-37.956368 -78.210122 -790572.1946 1013476.1386 1 1
-37.891720 -78.214635 -789123.9779 1013976.6378 1 1
-37.449123 -78.228018 -780374.5497 1018875.9239 1 1
-37.269260 -78.232562 -776870.1993 1020923.7125 1 1
-37.066831 -78.242116 -772626.3339 1022825.3528 1 1
-37.022627 -78.248355 -771424.6222 1022874.3542 1 1
-36.967721 -78.253920 -770076.7622 1023125.1387 1 1
-36.886655 -78.255500 -768524.3373 1024074.9960 1 1
-36.826154 -78.252779 -767621.5557 1025124.9958 1 1
-36.764649 -78.254184 -766428.4032 1025824.9244 1 1
-36.648386 -78.242323 -765122.2693 1028422.4276 1 1
-36.602489 -78.246429 -764029.4734 1028673.2122 1 1
-36.568413 -78.242504 -763674.2666 1029473.4974 1 1
-36.441564 -78.238962 -761624.1243 1031474.4244 1 1
-36.333078 -78.236604 -759823.0546 1033123.1403 1 1
-36.228673 -78.237555 -757877.5484 1034421.7849 1 1
-36.148354 -78.239934 -756272.6984 1035272.3554 1 1
-36.051773 -78.249198 -753928.1196 1035723.6392 1 1
-35.999199 -78.255029 -752601.2296 1035897.1770 1 1
-36.012870 -78.278615 -751326.3368 1033623.6395 1 1
-36.038480 -78.303569 -750177.0502 1031073.2119 1 1
-36.142962 -78.366528 -747980.9734 1024123.9974 1 1
-36.280601 -78.446772 -745228.7627 1015226.2810 1 1
-36.315859 -78.473268 -744131.6872 1012425.0688 1 1
-36.323208 -78.525332 -740878.1213 1007727.5659 1 1
-36.374339 -78.585211 -737881.5454 1001777.2101 1 1
-36.435879 -78.649321 -734780.5472 995326.5690 1 1
-36.385054 -78.687263 -731428.7645 992627.8532 1 1
-36.413755 -78.712552 -730279.4779 990029.2801 1 1
-36.406423 -78.756677 -727280.7622 986228.1394 1 1
-36.331562 -78.809847 -722537.2536 982480.4937 1 1
-36.276193 -78.836982 -719826.9829 980779.5666 1 1
-36.252062 -78.844369 -718934.9003 980429.4954 1 1
-36.165547 -78.855486 -716734.3300 980529.8520 1 1
-36.023609 -78.872094 -713232.1193 980829.6380 1 1
-35.947753 -78.875966 -711683.7600 981429.4239 1 1
-35.915913 -78.883797 -710634.6161 981129.4239 1 1
-35.826262 -78.885582 -708983.9744 982081.4210 1 1
-35.779726 -78.896575 -707481.4068 981679.1386 1 1
-35.522995 -78.924709 -701283.4761 982328.9958 1 1
-35.366243 -78.936616 -697837.7562 983179.3523 1 1
-35.205438 -78.942808 -694684.3329 984579.4235 1 1
-34.875379 -78.971019 -687232.6934 986027.6401 1 1
-34.734508 -78.991387 -683534.0491 985879.3520 1 1
-34.573362 -79.012643 -679436.3321 985879.3520 1 1
-34.447005 -79.038049 -675685.2627 985078.8528 1 1
-34.191290 -79.072849 -669138.5446 984929.4948 1 1
-34.115652 -79.089184 -666833.5520 984329.7088 1 1
-34.071171 -79.112501 -664637.4753 982730.2083 1 1
-34.029041 -79.136596 -662436.9050 981030.1372 1 1
-33.925000 -79.141003 -660384.8368 981830.6364 1 1
-33.754027 -79.172454 -655536.9059 980931.0645 1 1
-33.644283 -79.188398 -652688.8321 980730.3512 1 1
-33.621905 -79.201060 -651537.4057 979829.7094 1 1
-33.486106 -79.213010 -648490.7585 980279.0674 1 1
-33.341832 -79.216057 -645836.7645 981629.9232 1 1
-33.194489 -79.217237 -643239.4753 983179.3523 1 1
-32.950423 -79.227370 -638441.6157 984978.7102 1 1
-32.936103 -79.236706 -637639.1907 984279.6375 1 1
-32.696757 -79.237297 -633486.9088 986880.1364 1 1
-32.356224 -79.226492 -628243.9709 991627.9247 1 1
-31.792331 -79.205939 -619640.9050 999677.2103 1 1
-31.139229 -79.140884 -611892.4752 1012777.2799 1 1
-30.721084 -79.092482 -607194.9722 1021776.2088 1 1
-30.660318 -79.086472 -606446.8982 1022986.2657 1 1
-30.710537 -79.098977 -606643.3318 1021275.9236 1 1
-31.013209 -79.145632 -609395.3286 1013674.7120 1 1
-31.456547 -79.195937 -614343.6161 1004226.4251 1 1
-31.552232 -79.227755 -614195.3279 1000227.7809 1 1
-31.456024 -79.266595 -610294.0446 997627.2819 1 1
-31.294650 -79.269946 -607291.0493 999028.4230 1 1
-31.054506 -79.286864 -602142.2625 999976.9963 1 1
-30.823098 -79.313699 -596592.0493 999875.7838 1 1
-30.606703 -79.304102 -593346.8286 1003026.8533 1 1
-30.396872 -79.300037 -589894.9032 1005577.2809 1 1
-30.029780 -79.267990 -585197.4003 1012376.0674 1 1
-29.900395 -79.282921 -582094.2623 1012276.7807 1 1
-29.747544 -79.292902 -578849.0416 1012876.5666 1 1
-29.626487 -79.270036 -577946.2600 1016275.2110 1 1
-29.555828 -79.268068 -576798.8993 1017174.7829 1 1
-29.339596 -79.306872 -570872.7232 1015637.9785 1 1
-29.344075 -79.308506 -570864.3779 1015437.2653 1 1
-29.459539 -79.338471 -571294.9057 1011426.2102 1 1
-29.535030 -79.351029 -571948.8286 1009475.5685 1 1
-29.726188 -79.395542 -572895.4761 1003326.8532 1 1
-29.963786 -79.440483 -574592.3375 996677.4247 1 1
-30.168499 -79.480508 -575946.4029 990827.6395 1 1
-30.317369 -79.507985 -576999.6125 986729.7085 1 1
-30.382718 -79.524335 -577218.9420 984526.1425 1 1
-30.393390 -79.525230 -577352.6795 984333.9884 1 1
-31.263673 -79.598090 -588095.5454 968630.2102 1 1
-31.859748 -79.567764 -599893.7607 965280.5673 1 1
-32.233881 -79.537653 -607943.0463 964132.3506 1 1
-32.378300 -79.537263 -610394.1872 962632.9927 1 1
-32.420966 -79.570746 -609144.7580 959082.6366 1 1
-32.396627 -79.636274 -604892.3335 953281.8528 1 1
-32.380490 -79.670000 -602645.9714 950333.2084 1 1
-31.986760 -79.689058 -594995.7585 952682.0668 1 1
-31.846858 -79.706781 -591643.7618 952483.4934 1 1
-31.712228 -79.732961 -587897.1859 951432.4236 1 1
-31.718144 -79.760770 -586394.6184 948781.6394 1 1
-31.698717 -79.813332 -583049.0411 944084.1364 1 1
-31.644261 -79.873453 -578698.3997 939034.6364 1 1
-31.301262 -79.902839 -571395.2623 939733.4951 1 1
-30.907494 -79.918336 -564052.1107 942182.7102 1 1
-30.752628 -79.951501 -559647.1184 940584.0656 1 1
-30.493714 -79.952225 -555350.8279 943035.2065 1 1
-30.312059 -79.971360 -551301.0425 942982.9954 1 1
-30.092854 -79.993008 -546501.2571 943035.2065 1 1
-29.735878 -80.003412 -540050.4020 945433.0664 1 1
-29.513299 -80.011179 -535954.8248 946784.1361 1 1
-29.425928 -80.031808 -533401.1875 945633.7796 1 1
-29.105849 -80.087391 -525151.1886 943283.8512 1 1
-28.824579 -80.114162 -519101.7600 943283.8512 1 1
-28.448046 -80.149406 -511054.4002 943283.8512 1 1
-28.166858 -80.169460 -505383.0743 943845.9767 1 1
-28.240948 -80.180957 -506007.8959 942083.4234 1 1
-28.606067 -80.219008 -510007.6100 935184.4943 1 1
-28.637910 -80.221266 -510408.8225 934683.9950 1 1
-28.689878 -80.217474 -511455.6127 934584.7083 1 1
-28.763850 -80.214742 -512805.6125 934185.6356 1 1
-28.816551 -80.213994 -513704.1145 933785.2790 1 1
-28.904447 -80.208907 -515405.0415 933483.3533 1 1
-28.956596 -80.215473 -515906.6107 932385.2079 1 1
-29.048991 -80.209897 -517705.7545 932085.4219 1 1
-29.063364 -80.214296 -517705.7545 931534.8514 1 1
-29.165975 -80.224992 -518802.8300 929584.2097 1 1
-29.391253 -80.228695 -522254.9693 927184.2100 1 1
-29.462750 -80.226035 -523554.6838 926785.1373 1 1
-29.493065 -80.234164 -523607.1089 925733.8536 1 1
-29.647018 -80.229320 -526354.8261 924784.2103 1 1
-29.790020 -80.217546 -529301.3307 924585.6369 1 1
-29.839811 -80.218486 -530053.4704 924036.1363 1 1
-29.856209 -80.227941 -529802.8998 922987.2063 1 1
-29.900633 -80.238379 -529949.0482 921586.0653 1 1
-30.038419 -80.248635 -531602.0437 919337.5634 1 1
-30.081262 -80.262919 -531505.9666 917587.4210 1 1
-30.140233 -80.268241 -532157.7497 916536.3512 1 1
-30.271837 -80.286495 -533254.8252 913586.8509 1 1
-30.491889 -80.278486 -537204.2540 912287.1364 1 1
-30.520820 -80.275075 -537854.3253 912337.2077 1 1
-30.611403 -80.271325 -539504.9670 911838.8483 1 1
-30.700527 -80.267190 -541153.6829 911387.5645 1 1
-30.810059 -80.267872 -542856.7497 910287.2793 1 1
-30.894803 -80.262514 -544503.5398 909986.4234 1 1
-31.028173 -80.270813 -546152.2557 907938.4209 1 1
-31.138843 -80.281441 -547303.6821 905886.5666 1 1
-31.210342 -80.286408 -548152.1128 904738.1360 1 1
-31.234806 -80.291376 -548256.5350 904039.2773 1 1
-31.297367 -80.290320 -549303.3252 903538.7781 1 1
-31.353517 -80.288323 -550302.1838 903186.5670 1 1
-31.385196 -80.300568 -550103.8244 901738.5643 1 1
-31.507956 -80.309887 -551501.7557 899688.6359 1 1
-31.517408 -80.315879 -551307.4619 899038.7787 1 1
-31.410735 -80.319896 -549403.6818 899688.6359 1 1
-31.306975 -80.327317 -547351.6136 899988.4219 1 1
-31.262926 -80.334485 -546252.6123 899738.7073 1 1
-31.218944 -80.344302 -545005.1089 899239.2779 1 1
-31.163607 -80.356349 -543454.3959 898637.5662 1 1
-31.100277 -80.367018 -541857.8911 898238.2795 1 1
-31.045736 -80.379452 -540301.1866 897588.4222 1 1
-30.906589 -80.396598 -537156.3225 897288.6363 1 1
-30.848134 -80.425838 -534600.5454 895090.2057 1 1
-30.797391 -80.433019 -533405.4671 894888.6366 1 1
-30.729951 -80.436490 -532157.7497 895189.4925 1 1
-30.605279 -80.448244 -529554.0411 895238.7079 1 1
-30.666022 -80.477875 -528849.8329 891889.0649 1 1
-30.843634 -80.472613 -531907.1791 890739.5644 1 1
-31.056007 -80.466437 -535553.6123 889340.5631 1 1
-31.312821 -80.450303 -540451.6145 888438.8514 1 1
-31.505140 -80.444733 -543749.0463 887139.1369 1 1
-31.665249 -80.439104 -546549.1886 886140.2783 1 1
-31.836228 -80.428504 -549802.7545 885490.4210 1 1
-32.038111 -80.421029 -553353.1107 884240.7778 1 1
-32.313622 -80.405651 -558497.8318 882991.3486 1 1
-32.480686 -80.410201 -560802.8244 880939.2804 1 1
-32.676894 -80.404472 -564154.6071 879541.1351 1 1
-32.877847 -80.406815 -567096.8321 877341.8486 1 1
-33.109941 -80.417676 -569997.1170 874042.2770 1 1
-33.201475 -80.435043 -570352.5378 871541.0648 1 1
-33.457037 -80.453085 -573146.2607 867341.9213 1 1
-33.709399 -80.481297 -575248.4002 862242.1359 1 1
-33.912913 -80.499475 -577198.1859 858543.4916 1 1
-33.985060 -80.494218 -578600.1829 858292.7071 1 1
-34.048134 -80.496570 -579400.6821 857442.1366 1 1
-34.111149 -80.502195 -579998.3282 856294.9898 1 1
-34.193262 -80.496890 -581550.9671 855942.7787 1 1
-34.338910 -80.507065 -583097.1866 853542.7790 1 1
-34.369655 -80.516884 -582948.8984 852343.4211 1 1
-34.407981 -80.535812 -582349.1125 850245.3472 1 1
-34.465598 -80.550400 -582300.9670 848343.9210 1 1
-34.541012 -80.549088 -583498.3991 847694.9196 1 1
-34.625314 -80.566763 -583646.6872 845244.8486 1 1
-34.685127 -80.568882 -584396.9011 844444.5634 1 1
-34.935441 -80.572643 -587844.9748 841546.2043 1 1
-34.965097 -80.578758 -587897.1859 840693.7080 1 1
-35.038235 -80.587091 -588446.6866 839196.4899 1 1
-35.259784 -80.597941 -591002.2497 835945.9198 1 1
-35.537753 -80.602690 -594749.0395 832646.3482 1 1
-35.781700 -80.589288 -599145.6866 831295.4924 1 1
-35.928284 -80.592833 -601043.0472 829446.0633 1 1
-36.083107 -80.627598 -601043.0472 824746.4205 1 1
-36.247968 -80.659510 -601350.3225 820199.3455 1 1
-36.433516 -80.676553 -602896.5420 816748.2761 1 1
-36.578378 -80.679093 -604794.1166 814998.3477 1 1
-36.635402 -80.700712 -604194.3307 812499.0613 1 1
-36.683929 -80.709708 -604294.6873 811198.2768 1 1
-36.752738 -80.741360 -603197.6119 807699.0619 1 1
-36.873280 -80.802282 -600898.8247 801099.9187 1 1
-36.867457 -80.838411 -598447.6838 798001.0603 1 1
-36.849443 -80.885709 -595095.9011 794051.6315 1 1
-36.867933 -80.922402 -592945.6161 790650.6334 1 1
-36.971489 -80.963929 -591643.7618 785951.2046 1 1
-36.981544 -81.008549 -588847.8991 781951.4904 1 1
-37.062832 -81.029916 -588549.1830 779251.7048 1 1
-37.275380 -81.057335 -589621.0088 774678.5242 1 1
-37.563173 -81.079902 -592001.1084 769752.0627 1 1
-37.633744 -81.050671 -594899.4675 771552.2764 1 1
-37.703637 -81.024351 -597599.4671 773101.9196 1 1
-37.781862 -80.997540 -600449.6807 774601.2774 1 1
-37.837476 -80.977458 -602547.7546 775751.6339 1 1
-37.944771 -80.962619 -604996.7557 775900.9920 1 1
-38.082626 -80.948006 -607846.9693 775700.2787 1 1
-38.263288 -80.927941 -611648.1100 775501.9193 1 1
-38.361711 -80.912171 -614049.1796 775801.7052 1 1
-38.399397 -80.908639 -614799.1795 775700.2787 1 1
-38.438933 -80.913591 -614997.7529 774851.8480 1 1
-38.438778 -80.925277 -614201.5334 773852.9894 1 1
-38.468840 -80.929126 -614345.7559 773201.2063 1 1
-38.553812 -80.928984 -615501.4619 772301.4204 1 1
-38.636914 -80.924967 -616895.1136 771750.8499 1 1
-38.683669 -80.914362 -618249.1790 772152.0624 1 1
-38.729808 -80.904416 -619551.0334 772502.1336 1 1
-38.760619 -80.910484 -619551.0334 771651.5631 1 1
-38.818824 -80.918350 -619795.6125 770351.8486 1 1
-38.890918 -80.918583 -620748.4654 769551.5634 1 1
-38.965080 -80.930268 -620940.8335 767754.3454 1 1
-39.034129 -80.929102 -621945.8975 767104.4881 1 1
-39.088430 -80.937495 -622094.1857 765802.6338 1 1
-39.223129 -80.959164 -622395.0415 762503.0622 1 1
-39.388355 -80.979288 -623195.5407 759005.1312 1 1
-39.578082 -81.004588 -623943.6148 754805.9876 1 1
-39.702346 -81.015834 -624793.9713 752505.2747 1 1
-39.891031 -81.027619 -626442.6872 749455.4177 1 1
-40.137908 -81.059844 -627395.7541 744056.7023 1 1
-40.377336 -81.085326 -628695.4687 739306.9883 1 1
-40.606510 -81.117016 -629393.4714 734157.1316 1 1
-40.906781 -81.153228 -630640.9748 727857.7744 1 1
-41.047089 -81.192692 -629589.6911 723059.0589 1 1
-41.125685 -81.225936 -628191.7597 719458.4175 1 1
-41.270220 -81.270517 -626791.6886 714210.3440 1 1
-41.555674 -81.342285 -625140.8329 705211.2011 1 1
-41.704796 -81.391572 -623391.9744 699561.9151 1 1
-41.789423 -81.449016 -620242.8307 693961.6306 1 1
-41.747370 -81.472984 -617990.0493 692463.3426 1 1
-41.780018 -81.508551 -615796.1123 689214.0563 1 1
-41.787237 -81.524187 -614744.8286 687862.9866 1 1
-41.859596 -81.547825 -613890.1925 685163.2009 1 1
-41.878522 -81.598189 -610444.4725 680864.7707 1 1
-41.921240 -81.614739 -609744.3300 679064.5569 1 1
-42.055949 -81.623542 -610695.2571 676915.3418 1 1
-42.120526 -81.648989 -609593.9020 674165.2709 1 1
-42.161035 -81.680717 -607744.6869 671165.6992 1 1
-42.383655 -81.741860 -605847.1122 663867.4834 1 1
-42.551751 -81.775697 -605293.5460 659365.3442 1 1
-42.788453 -81.813031 -605243.2607 653867.5560 1 1
-42.923000 -81.847765 -604194.3307 649667.3426 1 1
-43.036400 -81.879112 -603143.2609 645968.6983 1 1
-43.144424 -81.908761 -602146.5421 642468.6274 1 1
-43.176475 -81.949715 -599446.5425 638871.1957 1 1
-43.198550 -81.995849 -596245.1877 634968.8424 1 1
-43.272292 -82.031450 -594398.1123 631371.4107 1 1
-43.272502 -82.073569 -591248.9687 628021.7677 1 1
-43.355781 -82.124478 -588346.3300 623121.4118 1 1
-43.369491 -82.173112 -584850.3247 619121.9116 1 1
-43.291584 -82.202620 -581799.6119 617572.4824 1 1
-43.291584 -82.202620 -581799.6119 617572.4824 1 1
-43.283509 -82.206179 -581446.3309 617371.7692 1 1
-43.336508 -82.215140 -581345.9743 616122.3399 1 1
-43.343391 -82.228123 -580447.4722 615022.0548 1 1
-43.412327 -82.242637 -580098.4709 613172.6256 1 1
-43.455089 -82.256107 -579544.9046 611672.4119 1 1
-43.529538 -82.269957 -579298.1857 609822.9827 1 1
-43.577178 -82.286000 -578598.2571 608072.8403 1 1
-43.617847 -82.301669 -577850.1830 606424.1244 1 1
-43.674201 -82.311579 -577699.5411 605073.2687 1 1
-43.780756 -82.341692 -576550.2545 601625.4089 1 1
-43.935053 -82.367727 -576197.1875 598024.7675 1 1
-44.017581 -82.390270 -575348.7568 595425.3384 1 1
-44.055401 -82.399470 -575043.6213 594323.9834 1 1
-44.093301 -82.432253 -572947.6872 591374.4830 1 1
-44.062918 -82.439326 -572097.3307 591123.6985 1 1
-44.093458 -82.453300 -571351.3964 589723.6273 1 1
-44.099069 -82.467907 -570300.1127 588523.1995 1 1
-44.055994 -82.475264 -569299.3282 588374.9114 1 1
-44.028115 -82.481353 -568551.2541 588174.1982 1 1
-44.051412 -82.493075 -567901.1829 587023.8417 1 1
-44.016434 -82.494934 -567401.7536 587224.5549 1 1
-44.014971 -82.505321 -566599.3286 586424.0557 1 1
-44.003239 -82.518901 -565450.0420 585474.4125 1 1
-43.977621 -82.524023 -564800.1847 585325.0545 1 1
-43.932112 -82.546287 -562649.8997 584024.2700 1 1
-43.977896 -82.575588 -560896.7616 581274.1991 1 1
-44.015433 -82.576641 -561197.6175 580823.9852 1 1
-44.101703 -82.569023 -562649.8997 580575.1264 1 1
-44.184171 -82.571456 -563299.9710 579574.3420 1 1
-44.280837 -82.583598 -563352.1821 577674.8415 1 1
-44.297096 -82.596914 -562501.6116 576475.2696 1 1
-44.358045 -82.620651 -561304.1795 574025.1986 1 1
-44.336476 -82.632316 -560198.7588 573326.3399 1 1
-44.443635 -82.654794 -559553.1812 570527.0536 1 1
-44.510634 -82.674664 -558700.4709 568326.6972 1 1
-44.621539 -82.692278 -558449.9003 565876.6262 1 1
-44.663816 -82.714020 -557200.2571 563777.6964 1 1
-44.806647 -82.729019 -557451.0416 561226.1989 1 1
-44.932422 -82.772041 -555367.5184 556679.1239 1 1
-45.001175 -82.780914 -555350.8279 555328.0542 1 1
-45.125306 -82.793218 -555601.6125 553176.6993 1 1
-45.316293 -82.846573 -553305.1791 547229.7671 1 1
-45.195262 -82.909882 -547249.3312 543531.9787 1 1
-45.216871 -82.922194 -546501.2571 542379.6964 1 1
-45.339749 -82.901668 -549255.3937 542779.8390 1 1
-45.612464 -82.858293 -555213.0248 543468.2127 1 1
-45.890103 -82.814054 -561304.1795 544129.6249 1 1
-46.110342 -82.764310 -567301.6109 545729.3393 1 1
-46.318787 -82.694381 -574799.2562 548929.6242 1 1
-46.376574 -82.636208 -579946.1171 552727.5552 1 1
-46.559278 -82.580176 -586143.8338 555078.3395 1 1
-46.648921 -82.531214 -590895.6877 557827.3406 1 1
-46.801705 -82.481969 -596297.6128 559927.3403 1 1
-46.928949 -82.437828 -601057.8119 561890.6068 1 1
-46.928434 -82.435404 -601245.9003 562076.5554 1 1
-46.607662 -82.375122 -602869.3665 569952.5173 1 1
-46.240216 -82.292074 -605746.9696 580074.8412 1 1
-46.074217 -82.227725 -609121.6482 586699.0200 1 1
-46.031274 -82.174372 -612872.5036 591197.9495 1 1
-46.224406 -82.117148 -619371.5041 593449.6611 1 1
-46.387506 -82.070484 -624746.0398 595197.4497 1 1
-46.496877 -82.059588 -626743.7571 594822.5568 1 1
-46.905059 -82.074933 -629742.2588 589198.0925 1 1
-47.082716 -82.080549 -631117.2943 586825.2682 1 1
-47.660739 -82.121048 -633737.6934 577451.2324 1 1
-47.653595 -82.081352 -636868.0068 580448.8782 1 1
-47.671117 -82.046365 -639868.8623 582825.7681 1 1
-47.537156 -82.012372 -641241.7580 586825.2682 1 1
-47.514139 -81.958231 -645364.5107 591074.6971 1 1
-47.722790 -81.958515 -647489.7600 588699.7330 1 1
-48.074872 -81.924383 -653867.4339 587199.5193 1 1
-48.347525 -81.900373 -658612.8684 585823.4139 1 1
-48.617215 -81.911011 -660491.6128 581949.0920 1 1
-48.790068 -81.911057 -662240.4713 579950.5188 1 1
-48.965879 -81.905351 -664486.8334 578324.6988 1 1
-49.188877 -81.946111 -663364.7222 572825.8407 1 1
-49.441357 -81.952381 -665362.4395 569452.0181 1 1
-49.701429 -81.960856 -667234.7645 565827.6248 1 1
-50.746938 -81.967792 -676861.7247 553079.5523 1 1
-50.999266 -81.993493 -677110.5835 548327.6985 1 1
-51.215627 -82.030959 -675988.2584 543205.0173 1 1
-51.659949 -82.049292 -678610.7972 536705.1608 1 1
-52.063385 -82.077459 -679948.1722 530023.4213 1 1
-52.165113 -82.091391 -679687.1166 527882.5514 1 1
-52.376981 -82.124916 -678736.1895 523131.7675 1 1
-52.862799 -82.176144 -678690.1838 513982.4106 1 1
-53.088107 -82.180352 -680338.8997 511033.7662 1 1
-53.289625 -82.184270 -681789.2562 508382.1261 1 1
-53.549665 -82.212782 -681586.6171 503433.8386 1 1
-53.664047 -82.221893 -681789.2562 501482.9829 1 1
-53.870274 -82.249742 -681135.1193 497233.7681 1 1
-54.170079 -82.260360 -682788.1148 492984.5532 1 1
-54.258345 -82.283058 -681536.3318 490485.2668 1 1
-54.448316 -82.312017 -680587.7585 486385.4100 1 1
-54.660168 -82.343390 -679588.8998 481885.4106 1 1
-54.754848 -82.365236 -678437.4734 479386.1242 1 1
-54.872107 -82.392465 -676987.1170 476287.0519 1 1
-55.066285 -82.414928 -676588.0443 472586.4818 1 1
-55.289956 -82.434297 -676690.5407 468738.2654 1 1
-55.505775 -82.465057 -675685.2627 464285.3416 1 1
-55.713934 -82.489260 -675185.8334 460339.9784 1 1
-55.920163 -82.523018 -673787.9020 455842.9747 1 1
-56.134207 -82.578698 -670442.3247 449937.7687 1 1
-56.506414 -82.668923 -665143.1100 440141.5503 1 1
-56.695031 -82.716618 -662240.4713 435092.9062 1 1
-56.957174 -82.767316 -659588.8312 429043.2636 1 1
-57.357778 -82.847701 -655190.0443 419692.1236 1 1
-57.647333 -82.921100 -650540.6869 412092.1960 1 1
-57.846452 -82.975072 -646986.0511 406696.6903 1 1
-58.065975 -83.049103 -641688.7622 399944.9793 1 1
-58.374493 -83.157280 -633789.9045 390299.1889 1 1
-58.742889 -83.276895 -625138.9071 379449.7609 1 1
-58.937478 -83.343136 -620238.5511 373598.6918 1 1
-59.164881 -83.401056 -616295.5416 367898.0506 1 1
-59.339684 -83.441859 -613589.3366 363748.1225 1 1
-59.604445 -83.484651 -611240.6921 358549.0505 1 1
-59.837006 -83.532399 -608191.6911 353450.3350 1 1
-59.988014 -83.587309 -603939.2665 348852.9747 1 1
-60.096369 -83.634428 -600146.6850 345150.2648 1 1
-60.084875 -83.679824 -595789.6243 342803.5461 1 1
-60.052749 -83.708857 -592855.9585 341558.1825 1 1
-60.049377 -83.711922 -592546.5434 341426.3709 1 1
-60.244719 -83.740603 -590993.9045 337853.1188 1 1
-60.365245 -83.767663 -589140.4097 335151.1934 1 1
-60.485613 -83.797730 -586992.2645 332298.8400 1 1
-60.688133 -83.816849 -586346.6869 329202.1214 1 1
-60.820742 -83.855290 -583450.2536 325802.1932 1 1
-60.974894 -83.896491 -580399.5407 322053.2636 1 1
-61.143811 -83.935259 -577647.3300 318302.4082 1 1
-61.293934 -83.950241 -577047.7580 316003.8350 1 1
-61.668060 -83.956530 -578495.7607 311903.9782 1 1
-61.906818 -83.975719 -577946.2600 308506.1898 1 1
-62.144386 -84.008150 -576096.8309 304456.4043 1 1
-62.292070 -84.049938 -572849.4704 300853.8370 1 1
-62.367270 -84.094405 -568952.4666 297855.1213 1 1
-62.585460 -84.129866 -566653.6795 293907.8323 1 1
-62.849388 -84.155738 -565493.9079 290008.4747 1 1
-62.951700 -84.163608 -565247.4029 288608.4036 1 1
-63.120368 -84.149143 -567499.9704 287655.5506 1 1
-63.402103 -84.169751 -566900.3984 283856.5497 1 1
-63.464738 -84.148850 -569247.1171 284253.6966 1 1
-63.719983 -84.145863 -570799.5420 281859.0464 1 1
-63.950799 -84.157419 -570799.5420 279004.5532 1 1
-64.112883 -84.146555 -572651.1109 277905.3380 1 1
-64.507347 -84.159311 -573296.6886 273358.2630 1 1
-64.855093 -84.171431 -573750.1122 269312.7571 1 1
-65.143259 -84.173962 -574847.1877 266307.8359 1 1
-65.245623 -84.171135 -575601.6812 265409.3339 1 1
-65.163167 -84.152151 -577095.6895 267105.9813 1 1
-65.197825 -84.141124 -578347.4725 267260.6889 1 1
-65.333427 -84.136374 -579448.6136 266107.1227 1 1
-65.516778 -84.143963 -579544.9046 263908.9062 1 1
-65.566505 -84.136136 -580549.9687 263758.4782 1 1
-65.606152 -84.123861 -581950.0398 263908.9062 1 1
-65.657031 -84.110114 -583548.4704 264009.2628 1 1
-65.789891 -84.106751 -584493.1921 262805.6253 1 1
-65.878200 -84.104912 -585080.3532 261986.2959 1 1
-65.888801 -84.102479 -585370.7241 261986.2959 1 1
-65.510154 -84.063446 -587495.9734 267611.6161 1 1
-65.067561 -84.023303 -589376.6437 273985.2244 1 1
-64.378673 -84.000842 -588246.1873 282109.6170 1 1
-64.200010 -83.947209 -592624.0041 286485.5080 1 1
-64.180383 -83.867200 -600372.4339 290485.0082 1 1
-64.142428 -83.786211 -608120.6497 294731.2273 1 1
-63.872499 -83.726002 -612615.5136 300481.9398 1 1
-63.593292 -83.632777 -620242.8307 307981.7248 1 1
-63.344913 -83.542007 -627742.6157 315105.3330 1 1
-63.301315 -83.457369 -635743.7559 319727.5150 1 1
-63.077155 -83.434169 -636742.6145 323357.2577 1 1
-62.534223 -83.372504 -639613.7982 332476.4434 1 1
-62.531393 -83.325795 -644114.8675 334856.5429 1 1
-62.598276 -83.216171 -655114.9373 339604.3312 1 1
-62.446167 -83.129230 -662614.5084 345726.9409 1 1
-62.666783 -83.033262 -673236.2616 347977.5825 1 1
-62.583732 -82.988017 -677110.5835 351224.7290 1 1
-62.722344 -82.947735 -681862.4373 351598.7661 1 1
-62.952200 -82.940344 -683985.3329 349227.0118 1 1
-62.971262 -82.908044 -687239.1128 350600.1214 1 1
-62.998178 -82.871180 -690985.6886 352102.4750 1 1
-62.803358 -82.830490 -693731.4800 356478.1520 1 1
-62.787584 -82.781779 -698357.9415 359098.5511 1 1
-62.870942 -82.758778 -701112.2921 359226.0832 1 1
-63.153519 -82.810333 -697858.5122 353224.5861 1 1
-63.227213 -82.802179 -699106.2296 352727.2966 1 1
-63.289343 -82.776567 -701983.6187 353224.5861 1 1
-63.169317 -82.720126 -706735.4725 357472.9450 1 1
-63.189649 -82.704794 -708354.8732 357976.4400 1 1
-63.335539 -82.662801 -713357.5116 358227.2245 1 1
-63.467873 -82.616190 -718732.0472 358849.9063 1 1
-63.495511 -82.580822 -722357.7244 360224.9418 1 1
-63.660139 -82.519779 -729357.8661 361102.6878 1 1
-63.907128 -82.506271 -732231.1895 358603.4014 1 1
-64.116261 -82.471168 -736980.9036 357600.2631 1 1
-64.438709 -82.425467 -743479.9041 355598.4802 1 1
-64.489868 -82.357178 -750521.9859 358143.5584 1 1
-64.515324 -82.354167 -750977.5494 357951.4043 1 1
-64.808146 -82.371581 -751077.6920 353299.9071 1 1
-65.016483 -82.379470 -751577.1213 350202.9745 1 1
-65.081533 -82.357721 -754126.4790 350349.3369 1 1
-65.150127 -82.306405 -759626.6210 351799.4793 1 1
-65.168997 -82.268204 -763525.7645 353299.9071 1 1
-65.325302 -82.266305 -764675.0511 351302.1898 1 1
-65.447913 -82.280891 -763977.2623 349003.6166 1 1
-65.560691 -82.301864 -762579.1170 346552.2618 1 1
-65.744324 -82.312001 -762677.3338 343651.9768 1 1
-65.929851 -82.307041 -764280.2580 341401.3352 1 1
-65.924415 -82.286184 -766325.9068 342402.3336 1 1
-65.868911 -82.251251 -769472.9107 344703.0466 1 1
-66.027297 -82.247218 -770825.0503 342753.4748 1 1
-66.066957 -82.229548 -772824.6934 343002.1196 1 1
-66.160750 -82.220090 -774329.1868 342153.6889 1 1
-66.099815 -82.201423 -775827.4747 343802.4048 1 1
-65.945771 -82.165093 -778521.0550 347503.1889 1 1
-65.994279 -82.146954 -780623.4085 347649.3372 1 1
-65.984594 -82.117274 -783523.6934 349099.6937 1 1
-65.879943 -82.069705 -787623.5502 352651.9756 1 1
-65.785447 -82.037236 -790273.2645 355404.1864 1 1
-65.748917 -82.017340 -792026.6166 356799.9779 1 1
-65.615966 -81.995919 -793326.3312 359602.2600 1 1
-65.666805 -81.988073 -794425.5464 359251.1188 1 1
-65.780910 -81.971674 -796772.0511 358402.6881 1 1
-65.939934 -81.968058 -798124.1907 356350.8339 1 1
-66.191059 -81.969121 -799572.1934 352802.4036 1 1
-66.313521 -81.950622 -802173.7622 351903.9016 1 1
-66.552249 -81.969720 -801720.3386 347728.9378 1 1
-66.575888 -81.973655 -801469.5540 347227.3687 1 1
-66.669721 -81.969289 -802474.8321 346103.1177 1 1
-66.620745 -81.901480 -808973.6187 349726.4411 1 1
-66.635780 -81.847542 -814471.4068 351849.5506 1 1
-66.966233 -81.842708 -816972.8330 347352.7609 1 1
-66.927131 -81.776921 -823344.0875 350725.2997 1 1
-66.853158 -81.720082 -828597.5105 354227.7244 1 1
-66.690103 -81.658947 -833717.1960 359226.0832 1 1
-66.586447 -81.590065 -839969.2636 363723.0869 1 1
-66.584640 -81.538826 -845093.2287 365973.5145 1 1
-66.727921 -81.478157 -852093.3704 366477.2234 1 1
-66.674127 -81.427369 -856843.2984 369473.7994 1 1
-66.757007 -81.384115 -861718.4048 370098.6210 1 1
-67.012244 -81.291074 -872716.1209 370225.9391 1 1
-67.186113 -81.269903 -875967.7609 368472.8009 1 1
-67.962519 -81.171613 -890835.5193 360598.9789 1 1
-68.680290 -81.085097 -904090.2964 352848.4093 1 1
-69.162461 -81.036830 -911957.6991 347104.1162 1 1
-69.641977 -81.000162 -918588.0834 340853.9744 1 1
-69.874471 -80.923650 -927815.9709 340001.2641 1 1
-70.070552 -80.937421 -927558.9809 336310.9650 1 1
-70.081733 -80.938059 -927558.9809 336106.1861 1 1
-70.071705 -80.915607 -929807.4827 337105.0448 1 1
-70.164642 -80.896567 -932310.8347 336302.6198 1 1
-70.242097 -80.877213 -934755.7702 335757.1847 1 1
-70.243689 -80.854962 -937054.3434 336553.4043 1 1
-70.227808 -80.833621 -939156.4829 337602.3343 1 1
-70.289047 -80.822543 -940656.9107 337006.8279 1 1
-70.360678 -80.829997 -940310.0491 335556.6855 1 1
-70.374794 -80.792446 -944259.4779 336703.8323 1 1
-70.397139 -80.744236 -949356.0536 338103.9034 1 1
-70.380376 -80.734042 -950306.9807 338755.9005 1 1
-70.359854 -80.705206 -953155.0545 340155.9716 1 1
-70.374809 -80.686143 -955207.1227 340607.2554 1 1
-70.405359 -80.677721 -956256.2666 340406.7562 1 1
-70.511381 -80.649882 -959754.1977 339652.2627 1 1
-70.587813 -80.642130 -961005.9807 338653.4040 1 1
-70.712639 -80.635227 -962453.9834 336808.2545 1 1
-70.773813 -80.619336 -964453.8404 336352.6911 1 1
-70.889008 -80.592937 -967855.9085 335358.1120 1 1
-70.952555 -80.571404 -970453.1977 335052.9766 1 1
-70.955910 -80.559971 -971654.6954 335404.1177 1 1
-71.002290 -80.551964 -972753.9107 334902.5486 1 1
-71.046452 -80.566033 -971556.4786 333652.9054 1 1
-71.074616 -80.582140 -970054.1250 332603.9755 1 1
-71.105931 -80.591126 -969306.0509 331755.5448 1 1
-71.131044 -80.600264 -968505.7657 331007.4707 1 1
-71.199566 -80.614234 -967454.6960 329356.6150 1 1
-71.175934 -80.628386 -965853.9116 329256.2584 1 1
-71.222110 -80.634762 -965458.9045 328253.3341 1 1
-71.196753 -80.644036 -964353.4838 328353.6907 1 1
-71.238944 -80.653613 -963603.4839 327306.6866 1 1
-71.231791 -80.659939 -962907.6210 327204.4041 1 1
-71.250923 -80.667795 -962203.4128 326606.7580 1 1
-71.316283 -80.667956 -962558.6196 325503.2631 1 1
-71.384139 -80.692462 -960404.0550 323507.6857 1 1
-71.510218 -80.706518 -959655.9809 320906.1168 1 1
-71.561263 -80.699198 -960700.8452 320304.1911 1 1
-71.655313 -80.709950 -960109.4045 318356.7591 1 1
-71.754773 -80.713869 -960253.6270 316555.4755 1 1
-71.831564 -80.730414 -958958.1921 314704.1205 1 1
-71.908249 -80.752797 -957052.2722 312660.3975 1 1
-72.102874 -80.754254 -957957.1937 309358.6861 1 1
-72.297707 -80.758542 -958556.9796 305956.8321 1 1
-72.323772 -80.746920 -959906.7654 305906.5468 1 1
-72.377574 -80.727132 -962255.6239 305660.0418 1 1
-72.434556 -80.730044 -962255.6239 304606.8323 1 1
-72.522221 -80.770471 -958504.5545 301806.6900 1 1
-72.570721 -80.808355 -954808.0500 299754.6218 1 1
-72.596362 -80.845577 -951059.1204 298110.1855 1 1
-72.613854 -80.870404 -948560.0480 297008.8304 1 1
-72.658912 -80.896630 -946056.6960 295408.2600 1 1
-72.645221 -80.918946 -943657.7662 294906.6909 1 1
-72.597968 -80.938147 -941411.4041 295057.1188 1 1
-72.569143 -80.954016 -939607.9807 295011.1131 1 1
-72.606482 -80.967376 -938406.4830 293962.1832 1 1
-72.695045 -80.967354 -938862.0464 292512.0407 1 1
-72.765973 -80.960108 -939979.8779 291584.2234 1 1
-73.040266 -80.942736 -943181.2327 287634.7946 1 1
-73.436873 -80.878256 -951905.6253 283108.4756 1 1
-73.750124 -80.833815 -958103.3420 279259.4034 1 1
-74.112116 -80.793357 -964102.6993 274411.4725 1 1
-74.301540 -80.809034 -963354.6252 270758.8339 1 1
-74.483029 -80.837978 -961158.5484 266859.4764 1 1
-74.837529 -80.792357 -967605.1239 262212.0448 1 1
-75.165091 -80.752692 -973280.5154 257786.2964 1 1
-75.200710 -80.750034 -973721.5282 257255.4120 1 1
-75.382339 -80.728543 -976805.8359 254760.4052 1 1
-75.643195 -80.704538 -980498.2748 250961.4043 1 1
-75.827689 -80.664928 -985500.6993 248863.3304 1 1
-75.890944 -80.616576 -990902.6244 249064.0437 1 1
-75.961624 -80.613814 -991502.1963 247914.7571 1 1
-76.020009 -80.588857 -994402.6952 247563.6159 1 1
-76.397253 -80.510885 -1004299.2702 243016.5409 1 1
-76.384806 -80.486405 -1006848.6279 243864.9716 1 1
-76.586302 -80.442496 -1012371.6657 241436.7266 1 1
-76.698574 -80.398191 -1017559.1829 240567.5398 1 1
-76.624196 -80.367642 -1020497.1283 242661.3341 1 1
-76.535839 -80.329328 -1024197.9124 245210.6918 1 1
-76.634547 -80.259544 -1032046.6988 245210.6918 1 1
-76.607003 -80.241521 -1033846.9125 246163.5448 1 1
-76.735533 -80.187072 -1040195.2711 245210.6918 1 1
-76.813899 -80.153837 -1044070.4489 244617.3253 1 1
-76.883517 -80.130688 -1046834.0006 243923.3881 1 1
-77.146796 -80.159256 -1044895.9838 238415.1150 1 1
-77.497173 -80.159615 -1046296.0549 232012.4054 1 1
-77.751839 -80.152719 -1048054.3286 227519.6813 1 1
-78.110630 -80.156347 -1049070.0916 220870.4668 1 1
-78.272049 -80.169236 -1048307.2529 217627.3859 1 1
-78.347298 -80.144373 -1051256.7533 216799.9253 1 1
-78.808417 -80.114457 -1056178.9352 208967.8293 1 1
-78.973610 -80.102311 -1058081.6454 206176.0323 1 1
-79.054250 -80.103039 -1058292.6296 204671.5389 1 1
-79.225929 -80.097531 -1059493.2714 201612.2668 1 1
-79.241008 -80.085925 -1060794.0558 201570.5407 1 1
-79.407854 -80.069031 -1063193.8415 198820.4698 1 1
-79.458848 -80.061844 -1064143.6988 198018.0448 1 1
-79.468204 -80.045423 -1065942.8426 198172.7523 1 1
-79.579307 -80.029658 -1068022.0863 196417.4744 1 1
-79.585449 -80.028738 -1068142.1290 196321.1834 1 1
-79.599883 -80.025906 -1068496.4799 196108.0593 1 1
-79.590224 -80.021911 -1068893.4128 196367.1891 1 1
-79.537440 -80.003528 -1070690.6308 197717.1889 1 1
-79.439030 -79.992891 -1071493.9118 199769.2571 1 1
-79.339691 -79.985964 -1071891.0586 201766.9744 1 1
-79.227846 -79.964832 -1073767.4493 204291.2964 1 1
-79.212497 -79.963174 -1073890.9157 204612.9084 1 1
-78.930376 -80.007648 -1068093.1276 208963.5497 1 1
-78.569247 -80.018012 -1065643.0566 215466.6159 1 1
-78.351590 -80.031300 -1063392.4150 219219.6111 1 1
-78.113854 -80.038584 -1061693.6278 223465.8302 1 1
-77.441344 -80.015226 -1061492.9145 236467.6830 1 1
-77.071520 -79.990857 -1062543.9843 243910.9773 1 1
-77.005142 -79.985850 -1062794.7688 245265.0427 1 1
-76.656790 -79.952434 -1064842.7714 252566.2543 1 1
-76.574112 -79.934447 -1066392.2006 254559.6920 1 1
-76.497622 -79.915735 -1068043.0563 256461.3323 1 1
-76.430770 -79.894115 -1070043.7693 258262.6159 1 1
-76.330399 -79.851538 -1074118.5904 261238.2218 1 1
-76.304194 -79.823410 -1076990.8440 262458.5497 1 1
-76.157933 -79.786969 -1080191.1289 266161.4736 1 1
-76.120667 -79.760409 -1082840.8432 267561.5448 1 1
-76.094767 -79.731519 -1085790.3435 268811.1880 1 1
-76.057782 -79.683311 -1090739.7009 270783.8696 1 1
-76.009722 -79.620471 -1097189.4861 273362.3286 1 1
-76.012539 -79.590011 -1100439.8423 274114.6823 1 1
-76.012001 -79.552824 -1104389.2711 275109.4753 1 1
-76.063339 -79.517052 -1108437.9867 275063.4696 1 1
-76.135693 -79.484576 -1112238.0575 274515.8948 1 1
-76.237734 -79.439337 -1117538.3421 273713.4698 1 1
-76.356597 -79.390187 -1123336.1302 272664.5398 1 1
-76.565035 -79.331859 -1130535.9153 270060.8312 1 1
-76.682891 -79.308911 -1133535.7009 268313.8984 1 1
-76.812486 -79.294426 -1135684.9160 266111.4023 1 1
-76.969365 -79.277799 -1138184.2024 263411.6166 1 1
-77.238221 -79.269577 -1140286.3420 258266.8955 1 1
-77.556121 -79.264135 -1142284.0592 252064.6852 1 1
-78.029254 -79.255664 -1145234.6295 242816.0416 1 1
-78.416153 -79.249262 -1147535.3424 235218.0398 1 1
-78.748475 -79.248769 -1148933.2738 228568.8253 1 1
-79.122554 -79.246145 -1150683.4162 221116.9718 1 1
-79.549305 -79.239802 -1152981.9893 212666.4736 1 1
-79.800526 -79.236758 -1154231.6325 207668.1148 1 1
-80.003023 -79.235137 -1155133.3443 203618.3293 1 1
-80.173804 -79.240710 -1155133.3443 200070.1130 1 1
-80.357135 -79.254455 -1154282.7738 196120.6841 1 1
-80.450826 -79.274524 -1152433.3446 193868.1166 1 1
-80.511672 -79.292616 -1150683.4162 192317.4036 1 1
-80.528960 -79.337104 -1145933.4881 191168.1170 1 1
-80.547837 -79.377905 -1141587.1264 190056.4909 1 1
-80.547691 -79.409430 -1138179.9228 189492.2256 1 1
-80.522579 -79.427119 -1136185.4153 189671.9688 1 1
-80.472655 -79.454290 -1133084.4171 190169.2584 1 1
-80.392497 -79.472635 -1130835.9153 191418.9016 1 1
-80.355828 -79.501134 -1127635.6304 191619.6148 1 1
-80.343761 -79.519291 -1125634.7034 191523.5378 1 1
-80.369900 -79.529812 -1124585.7734 190817.1898 1 1
-80.344886 -79.553580 -1121936.0591 190871.5407 1 1
-80.362613 -79.562004 -1121085.4886 190369.9716 1 1
-80.422162 -79.572140 -1120188.0565 189019.9718 1 1
-80.514650 -79.568955 -1120835.7739 187268.9734 1 1
-80.595697 -79.566764 -1121336.2732 185722.5400 1 1
-80.738282 -79.558974 -1122637.0576 183068.7600 1 1
-80.856472 -79.529156 -1126236.6291 181271.5420 1 1
-80.906739 -79.506598 -1128834.9883 180673.8959 1 1
-81.014695 -79.487543 -1131234.9880 178872.6122 1 1
-81.126328 -79.460710 -1134485.3442 177121.6139 1 1
-81.148499 -79.446573 -1136083.9887 176920.9006 1 1
-81.165568 -79.436884 -1137185.3438 176745.4370 1 1
-81.167477 -79.434632 -1137435.0585 176745.4370 1 1
-81.232063 -79.392132 -1142234.8438 176172.8266 1 1
-81.261215 -79.348178 -1147083.8446 176323.2545 1 1
-81.304952 -79.307413 -1151633.0594 176122.7552 1 1
-81.336253 -79.287522 -1153883.7011 175821.8994 1 1
-81.357261 -79.246596 -1158381.5607 176072.6839 1 1
-81.387244 -79.206603 -1162806.4531 176122.7552 1 1
-81.410448 -79.171960 -1166631.5596 176218.8323 1 1
-81.510677 -79.147576 -1169581.0599 174572.2562 1 1
-81.620264 -79.123422 -1172531.6301 172720.6872 1 1
-81.598187 -79.114047 -1173481.4873 173322.6130 1 1
-81.609675 -79.105609 -1174431.1306 173222.2563 1 1
-81.657783 -79.094055 -1175829.0619 172419.8313 1 1
-81.715817 -79.085054 -1176979.4184 171370.9014 1 1
-81.723488 -79.071893 -1178429.7748 171420.9727 1 1
-81.796697 -79.061913 -1179730.5592 170071.1869 1 1
-81.862978 -79.060956 -1180030.3452 168721.1870 1 1
-81.902261 -79.050504 -1181279.9884 168073.4696 1 1
-81.942712 -79.041930 -1182328.9184 167371.1872 1 1
-81.987689 -79.036696 -1183027.9910 166522.9705 1 1
-82.001143 -79.025063 -1184329.8454 166422.6139 1 1
-82.143277 -79.019171 -1185378.7753 163572.4003 1 1
-82.206351 -79.022198 -1185229.4173 162222.4005 1 1
-82.219875 -79.030382 -1184378.8468 161821.1880 1 1
-82.202874 -79.040532 -1183228.4903 162021.6872 1 1
-82.255370 -79.048329 -1182529.6316 160822.3293 1 1
-82.289414 -79.061645 -1181178.5619 159923.8273 1 1
-82.340437 -79.096067 -1177581.3441 158369.0486 1 1
-82.457706 -79.140004 -1173129.2762 155326.4670 1 1
-82.549966 -79.193809 -1167531.1315 152672.6870 1 1
-82.564356 -79.243854 -1162131.5602 151669.7628 1 1
-82.505798 -79.282518 -1157775.5693 152304.8554 1 1
-82.519781 -79.282330 -1157833.1299 152024.9696 1 1
-82.577833 -79.256136 -1160832.7016 151222.5446 1 1
-82.665765 -79.235723 -1163281.9166 149726.3964 1 1
-82.733831 -79.208383 -1166430.8463 148723.2582 1 1
-82.832013 -79.164268 -1171480.5603 147327.4666 1 1
-82.884798 -79.151264 -1173029.9895 146424.6850 1 1
-82.982273 -79.125500 -1176079.8465 144773.8293 1 1
-83.045080 -79.099841 -1179029.3468 143825.0420 1 1
-83.102214 -79.074957 -1181879.7744 142976.8253 1 1
-83.152924 -79.067840 -1182780.4162 142023.7584 1 1
-83.240395 -79.032173 -1186878.1332 140678.0381 1 1
-83.274656 -79.023758 -1187878.0617 140076.3264 1 1
-83.317813 -79.008649 -1189628.2041 139374.2580 1 1
-83.352659 -78.983249 -1192478.4177 138973.0455 1 1
-83.355299 -78.963110 -1194677.7042 139173.5448 1 1
-83.399913 -78.964561 -1194627.6329 138224.9714 1 1
-83.480711 -78.929601 -1198629.2728 136975.3282 1 1
-83.567704 -78.907655 -1201226.7761 135424.8291 1 1
-83.659133 -78.881185 -1204325.6344 133828.3244 1 1
-83.660881 -78.857789 -1206879.2717 134074.8293 1 1
-83.607499 -78.859850 -1206529.2005 135174.0446 1 1
-83.590892 -78.847110 -1207878.1304 135679.6793 1 1
-83.566341 -78.840592 -1208530.1274 136277.3255 1 1
-83.587045 -78.821321 -1210679.1286 136076.6122 1 1
-83.639901 -78.803675 -1212727.1312 135174.0446 1 1
-83.662310 -78.793145 -1213927.5590 134827.1830 1 1
-83.650290 -78.785542 -1214727.8442 135174.0446 1 1
-83.665582 -78.775335 -1215876.2748 134973.3313 1 1
-83.719062 -78.772356 -1216326.4887 133874.1161 1 1
-83.730668 -78.764342 -1217227.1306 133723.6881 1 1
-83.759368 -78.746151 -1219277.0590 133330.8209 1 1
-83.901282 -78.727595 -1221626.9873 130526.6130 1 1
-83.975021 -78.695214 -1225325.6316 129327.0411 1 1
-83.998686 -78.686066 -1226376.7014 128925.8286 1 1
-84.005966 -78.672461 -1227877.1291 128925.8286 1 1
-83.976597 -78.670494 -1228025.4173 129577.8256 1 1
-83.971794 -78.666726 -1228425.5599 129724.1880 1 1
-84.034268 -78.658839 -1229426.5583 128474.5448 1 1
-84.040041 -78.647964 -1230625.9162 128474.5448 1 1
-84.068410 -78.642137 -1231324.9889 127931.2495 1 1
-84.088414 -78.631092 -1232574.6321 127626.1141 1 1
-84.029746 -78.632177 -1232324.9174 128875.7573 1 1
-84.014438 -78.625885 -1232976.9145 129276.9698 1 1
-84.028457 -78.617018 -1233975.7731 129076.4705 1 1
-84.060403 -78.609431 -1234875.3450 128474.5448 1 1
-84.115867 -78.600493 -1235974.3463 127379.6091 1 1
-84.121295 -78.590071 -1237123.6329 127379.6091 1 1
-84.125305 -78.582357 -1237974.2034 127379.6091 1 1
-84.172058 -78.568198 -1239622.9193 126527.1128 1 1
-84.159057 -78.561960 -1240274.9164 126878.0400 1 1
-84.149516 -78.553523 -1241174.4883 127178.8959 1 1
-84.109127 -78.551789 -1241273.7750 128073.3323 1 1
-84.081538 -78.559925 -1240324.1318 128578.9670 1 1
-84.075849 -78.570802 -1239124.5599 128578.9670 1 1
-84.031735 -78.584093 -1237575.1307 129381.3920 1 1
-84.000947 -78.590321 -1236825.9867 129974.9725 1 1
-84.002968 -78.603656 -1235375.8443 129778.5389 1 1
-83.970144 -78.608491 -1234773.9185 130430.5359 1 1
-83.942974 -78.607444 -1234826.1296 131028.1821 1 1
-83.906596 -78.606228 -1234875.3450 131826.3275 1 1
-83.880878 -78.610734 -1234324.5605 132327.8966 1 1
-83.855810 -78.622559 -1232976.9145 132729.1091 1 1
-83.821009 -78.626869 -1232426.1300 133427.1119 1 1
-83.795156 -78.627244 -1232324.9174 133978.7523 1 1
-83.789203 -78.621137 -1232976.9145 134179.2516 1 1
-83.775967 -78.607121 -1234474.1325 134630.7494 1 1
-83.735956 -78.595689 -1235626.4148 135629.6080 1 1
-83.715085 -78.575062 -1237825.9153 136327.3968 1 1
-83.692784 -78.561275 -1239276.0577 136975.3282 1 1
-83.713097 -78.545239 -1241073.0618 136728.6093 1 1
-83.723417 -78.530775 -1242674.9160 136678.5380 1 1
-83.767882 -78.512967 -1244722.7046 135926.1843 1 1
-83.808455 -78.493212 -1246973.3463 135278.4668 1 1
-83.797695 -78.487931 -1247523.9168 135575.2571 1 1
-83.818838 -78.478321 -1248622.0622 135228.3955 1 1
-83.818905 -78.470065 -1249522.7040 135324.4725 1 1
-83.793365 -78.466294 -1249873.6312 135926.1843 1 1
-83.808703 -78.458849 -1250722.0619 135679.6793 1 1
-83.866266 -78.458253 -1250922.7751 134430.0361 1 1
-83.931353 -78.431223 -1254023.7733 133322.4756 1 1
-83.981816 -78.408941 -1256572.0611 132474.2589 1 1
-84.045834 -78.377759 -1260122.4173 131425.1150 1 1
-84.256515 -78.286840 -1270524.6270 127789.1668 1 1
-84.384601 -78.228599 -1277168.7060 125574.0459 1 1
-84.444569 -78.206221 -1279744.1693 124475.0446 1 1
-84.503615 -78.180156 -1282719.7752 123430.1802 1 1
-84.599330 -78.142234 -1287068.4907 121678.9679 1 1
-84.649762 -78.114838 -1290169.4889 120826.4716 1 1
-84.665325 -78.105074 -1291269.5601 120575.6870 1 1
-84.646091 -78.103335 -1291419.1321 121026.9709 1 1
-84.625400 -78.104780 -1291217.3489 121478.4687 1 1
-84.745238 -78.039846 -1298567.7759 119430.4661 1 1
-84.818134 -77.994610 -1303665.4215 118226.8286 1 1
-84.865009 -77.957086 -1307865.6349 117529.0398 1 1
-84.904433 -77.936798 -1310165.2779 116826.9714 1 1
-84.984792 -77.891219 -1315314.2787 115426.9003 1 1
-85.057297 -77.862839 -1318564.6349 114030.8948 1 1
-85.079183 -77.841763 -1320914.3493 113725.7593 1 1
-85.100930 -77.809255 -1324514.9907 113529.3256 1 1
-85.189851 -77.781632 -1327713.1358 111728.0420 1 1
-85.242994 -77.754704 -1330764.0626 110741.8082 1 1
-85.162946 -77.751914 -1330913.4207 112626.7580 1 1
-85.064903 -77.749229 -1331012.7074 114929.3968 1 1
-84.991762 -77.744231 -1331411.7801 116676.3295 1 1
-84.905412 -77.734837 -1332262.3506 118774.4034 1 1
-84.863476 -77.716689 -1334160.7812 119927.9696 1 1
-84.826333 -77.708652 -1334962.1363 120872.4773 1 1
-84.780569 -77.684454 -1337512.5639 122180.5370 1 1
-84.633094 -77.669667 -1338811.2085 125774.7591 1 1
-84.604947 -77.650808 -1340812.1355 126627.2554 1 1
-84.483308 -77.631431 -1342659.4248 129678.1823 1 1
-84.395355 -77.618619 -1343859.8526 131876.6128 1 1
-84.357759 -77.575298 -1348510.2800 133226.3986 1 1
-84.292464 -77.556060 -1350461.1356 134973.3313 1 1
-84.253050 -77.540589 -1352059.5662 136072.5466 1 1
-84.245717 -77.524424 -1353809.7086 136423.6878 1 1
-84.222466 -77.506096 -1355758.2105 137175.8275 1 1
-84.155820 -77.490905 -1357258.6383 138922.7602 1 1
-84.093178 -77.482417 -1358033.8878 140502.5745 1 1
-84.028478 -77.479820 -1358158.2102 142065.6984 1 1
-83.972901 -77.480254 -1357972.2616 143378.0378 1 1
-83.930696 -77.482180 -1357655.7852 144355.9264 1 1
-83.934652 -77.484556 -1357406.0705 144234.5997 1 1
-83.923940 -77.514263 -1354132.6045 144142.8023 1 1
-83.956304 -77.556155 -1349635.6008 142893.1591 1 1
-83.968753 -77.606778 -1344134.6029 142015.4131 1 1
-83.950748 -77.621228 -1342510.9227 142270.4773 1 1
-83.878193 -77.649321 -1339260.5665 143641.2332 1 1
-83.855822 -77.683125 -1335511.6369 143766.6255 1 1
-83.808276 -77.734681 -1329760.9244 144263.9150 1 1
-83.717438 -77.785227 -1324011.2818 145764.3427 1 1
-83.676348 -77.780812 -1324388.5285 146767.2670 1 1
-83.519915 -77.820614 -1319638.8145 149889.2352 1 1
-83.574568 -77.840250 -1317637.8875 148389.0214 1 1
-83.586700 -77.857712 -1315763.4227 147895.7975 1 1
-83.713713 -77.885865 -1313014.6356 144640.0918 1 1
-83.700082 -77.922190 -1309014.9215 144514.6995 1 1
-83.625912 -77.989176 -1301516.2063 145392.4455 1 1
-83.355203 -78.134905 -1284922.2713 149688.7359 1 1
-83.121374 -78.212926 -1275797.9501 153905.6398 1 1
-82.793467 -78.326586 -1262520.2772 159639.6619 1 1
-82.407513 -78.464677 -1246396.4562 166138.4484 1 1
-82.025312 -78.566968 -1234146.9571 172892.0852 1 1
-81.590058 -78.660501 -1222648.7418 180761.8416 1 1
-81.300259 -78.716475 -1215650.5259 186015.0506 1 1
-80.910015 -78.776079 -1207901.0262 193257.8457 1 1
-80.583611 -78.817721 -1202275.7060 199388.8006 1 1
-80.136174 -78.851549 -1197027.6325 208136.0891 1 1
-79.730441 -78.863089 -1194278.6315 216381.8084 1 1
-79.336793 -78.860628 -1193028.9883 224631.8073 1 1
-79.012457 -78.848637 -1193028.9883 231632.1630 1 1
-78.684192 -78.834956 -1193153.3107 238757.9109 1 1
-78.434431 -78.810047 -1194776.9909 244504.3438 1 1
-78.180109 -78.778857 -1197027.6325 250505.8409 1 1
-78.005513 -78.763545 -1197901.0989 254501.2755 1 1
-77.760880 -78.725296 -1200902.8103 260502.7725 1 1
-77.567159 -78.685507 -1204276.6330 265501.1313 1 1
-77.346051 -78.618628 -1210400.3126 271753.4130 1 1
-77.318895 -78.590555 -1213275.5619 273003.0562 1 1
-77.387827 -78.472207 -1226273.1351 274378.0916 1 1
-77.420325 -78.422288 -1231774.1329 274875.3812 1 1
-77.860875 -78.330981 -1243646.5992 267503.1282 1 1
-78.244875 -78.276449 -1251270.7066 260381.4459 1 1
-78.774206 -78.232117 -1258395.3847 249757.7668 1 1
-79.458987 -78.154720 -1269642.8154 236254.5589 1 1
-80.488676 -78.045429 -1285516.9217 215382.9497 1 1
-81.415440 -77.911349 -1303390.6711 196760.0563 1 1
-81.681715 -77.852728 -1310661.4976 191632.0256 1 1
-81.685995 -77.851292 -1310831.8256 191556.9187 1 1
-81.616978 -77.842880 -1311514.2079 193270.4705 1 1
-81.532370 -77.845300 -1310964.4932 195167.8312 1 1
-81.422891 -77.851502 -1309915.5633 197570.8266 1 1
-81.302920 -77.857327 -1308866.6333 200216.4753 1 1
-81.191073 -77.857399 -1308465.4208 202769.8986 1 1
-81.114901 -77.853990 -1308564.7075 204567.1166 1 1
-81.058567 -77.850282 -1308765.2068 205916.9025 1 1
-80.993364 -77.837971 -1309865.4920 207617.8295 1 1
-80.950002 -77.825914 -1311015.8484 208817.4014 1 1
-80.898794 -77.821424 -1311315.6344 210067.0446 1 1
-80.829508 -77.817695 -1311464.9925 211717.9003 1 1
-80.766604 -77.811409 -1311913.2806 213268.3994 1 1
-80.705228 -77.794982 -1313464.8495 214965.0468 1 1
-80.660979 -77.775922 -1315364.3500 216319.1122 1 1
-80.613223 -77.764556 -1316415.4198 217619.0407 1 1
-80.557237 -77.752908 -1317464.3497 219115.1889 1 1
-80.472895 -77.746696 -1317813.3511 221167.2571 1 1
-80.335010 -77.755234 -1316352.7236 224180.5234 1 1
-80.203056 -77.794648 -1311566.4190 226474.8170 1 1
-80.147568 -77.804183 -1310314.6360 227565.6870 1 1
-79.956673 -77.784615 -1311665.7057 232304.9161 1 1
-79.734311 -77.795844 -1309540.4563 237173.8170 1 1
-79.455181 -77.814520 -1306352.7963 243175.3141 1 1
-79.190952 -77.837011 -1302790.8852 248733.8725 1 1
-79.000283 -77.867535 -1298664.9228 252428.2372 1 1
-78.742160 -77.901505 -1293855.5084 257547.9227 1 1
-78.405954 -77.927924 -1289479.8313 264552.5580 1 1
-78.035077 -77.943135 -1286106.2227 272547.4927 1 1
-77.676110 -77.942723 -1284417.7065 280609.4032 1 1
-77.381865 -77.951854 -1281981.1162 286982.7975 1 1
-77.196381 -77.962960 -1279856.0808 290861.1850 1 1
-76.919995 -77.964884 -1278232.4006 296983.7948 1 1
-76.675277 -77.975727 -1275793.6705 302166.1764 1 1
-76.556896 -77.980979 -1274605.6536 304667.3886 1 1
-76.411157 -78.002361 -1271544.4557 307356.9032 1 1
-76.226984 -78.024681 -1268169.5631 310859.1139 1 1
-76.011070 -78.047032 -1264607.8660 315042.6369 1 1
-75.645798 -78.076668 -1259421.4188 322291.6373 1 1
-75.495766 -78.101040 -1255982.7602 324918.2418 1 1
-75.332981 -78.128177 -1252172.4183 327731.0089 1 1
-75.241714 -78.141503 -1250234.1875 329352.5494 1 1
-75.183080 -78.164815 -1247422.4903 329977.3710 1 1
-75.101447 -78.194538 -1243798.0971 330915.4593 1 1
-75.103246 -78.224108 -1240671.8493 330041.9929 1 1
-75.068323 -78.231044 -1239734.8308 330601.9786 1 1
-75.012268 -78.229744 -1239548.6682 331851.6218 1 1
-74.975163 -78.218292 -1240547.5269 332980.1523 1 1
-74.984440 -78.189332 -1243671.6349 333602.8341 1 1
-74.917199 -78.185630 -1243671.6349 335167.8838 1 1
-74.925215 -78.173089 -1245047.7403 335351.9066 1 1
-74.889631 -78.162870 -1245922.2765 336417.5270 1 1
-74.925642 -78.153075 -1247171.7057 335914.0321 1 1
-74.860183 -78.148252 -1247298.1679 337476.9420 1 1
-74.748862 -78.139089 -1247610.5787 340164.3168 1 1
-74.634955 -78.142724 -1246547.0981 342538.2109 1 1
-74.449193 -78.139829 -1245736.1139 346663.1034 1 1
-74.299481 -78.133581 -1245486.3993 350102.6179 1 1
-74.126919 -78.117039 -1246173.0611 354348.8370 1 1
-73.933454 -78.086685 -1248171.6343 359476.8677 1 1
-73.805272 -78.063608 -1249797.4543 362975.0128 1 1
-73.578757 -78.011309 -1253860.7205 369536.4955 1 1
-73.519054 -77.970871 -1257732.9026 372102.5437 1 1
-73.373643 -77.921455 -1261984.2573 376846.0523 1 1
-73.305208 -77.901732 -1263607.9375 378975.3673 1 1
-73.250960 -77.870397 -1266543.9571 381163.3128 1 1
-73.212601 -77.863796 -1266982.6161 382220.5880 1 1
-73.119133 -77.822774 -1270668.8495 385595.2665 1 1
-73.026822 -77.800773 -1272357.3657 388347.4773 1 1
-72.894512 -77.742799 -1277543.8130 393157.7477 1 1
-72.856166 -77.732546 -1278356.7230 394344.6948 1 1
-72.768816 -77.680950 -1283168.0633 397972.2977 1 1
-72.762930 -77.663882 -1284918.2057 398659.8154 1 1
-72.731249 -77.649271 -1286230.5450 399846.7625 1 1
-72.751601 -77.642879 -1287043.2411 399598.1177 1 1
-72.746190 -77.629425 -1288417.2067 400158.1034 1 1
-72.783897 -77.603351 -1291416.9923 400158.1034 1 1
-72.766783 -77.590294 -1292667.7054 400968.8736 1 1
-72.782442 -77.579432 -1293917.3486 400968.8736 1 1
-72.837030 -77.581881 -1294041.6710 399656.5343 1 1
-72.872520 -77.578288 -1294666.2786 398971.1563 1 1
-73.074449 -77.554724 -1298541.6704 395159.7446 1 1
-73.223971 -77.544294 -1300665.8498 392100.4725 1 1
-73.483690 -77.523672 -1304602.6539 386844.9097 1 1
-73.813420 -77.496598 -1309664.7787 380160.1745 1 1
-74.128122 -77.475383 -1313975.8338 373598.6918 1 1
-74.403825 -77.462099 -1317164.5637 367664.1705 1 1
-74.697331 -77.442566 -1321101.5818 361478.6506 1 1
-74.938006 -77.440865 -1322788.8141 355974.6571 1 1
-75.160668 -77.449081 -1323289.3133 350600.1214 1 1
-75.285405 -77.475652 -1321224.8342 346976.5841 1 1
-75.368246 -77.512662 -1317789.3853 344038.4247 1 1
-75.426408 -77.554732 -1313663.4230 341537.2125 1 1
-75.533088 -77.547058 -1315113.5654 339301.3355 1 1
-75.557449 -77.524908 -1317614.9916 339349.2670 1 1
-75.521916 -77.514484 -1318513.4937 340452.7619 1 1
-75.598493 -77.495721 -1320964.6346 339203.1187 1 1
-75.624203 -77.470399 -1323812.7084 339301.3355 1 1
-75.668434 -77.447500 -1326512.7080 338902.2628 1 1
-75.675293 -77.436129 -1327764.2770 339052.6907 1 1
-75.751777 -77.438964 -1327913.6351 337203.2616 1 1
-75.836657 -77.419726 -1330462.1369 335753.1191 1 1
-75.889165 -77.379916 -1335013.2775 335600.5514 1 1
-75.925936 -77.358966 -1337462.2786 335303.7611 1 1
-75.979899 -77.334256 -1340413.0628 334702.0494 1 1
-76.081415 -77.320134 -1342510.9227 332700.0525 1 1
-76.214330 -77.294547 -1346011.2075 330255.1170 1 1
-76.342357 -77.269131 -1349461.2071 327906.4725 1 1
-76.356470 -77.256314 -1350911.3495 327906.4725 1 1
-76.354535 -77.238902 -1352760.7787 328403.7620 1 1
-76.384742 -77.220870 -1354860.7784 328157.2571 1 1
-76.446352 -77.187688 -1358760.1359 327555.3313 1 1
-76.506339 -77.147878 -1363359.4221 327154.1188 1 1
-76.537765 -77.140214 -1364358.2807 326602.4784 1 1
-76.557912 -77.148751 -1363559.9213 325904.4756 1 1
-76.635445 -77.125304 -1366508.5657 324655.0464 1 1
-76.693614 -77.094269 -1370159.0645 324053.1207 1 1
-76.733153 -77.080485 -1371858.0657 323455.4745 1 1
-76.779315 -77.078240 -1372358.5649 322406.5446 1 1
-76.818254 -77.092879 -1371009.6350 321106.6161 1 1
-76.825341 -77.116119 -1368560.6339 320354.4764 1 1
-76.869302 -77.096005 -1370960.4196 319806.9016 1 1
-76.897205 -77.093272 -1371408.7077 319207.3296 1 1
-76.911789 -77.081439 -1372757.6376 319152.9787 1 1
-76.973574 -77.065973 -1374758.3506 318055.9032 1 1
-76.999831 -77.044479 -1377207.5657 317957.6864 1 1
-77.036602 -77.024917 -1379508.2787 317556.4739 1 1
-77.040035 -77.013440 -1380757.7079 317756.9732 1 1
-77.052673 -77.005233 -1381707.5651 317654.6907 1 1
-77.082139 -77.006755 -1381707.5651 316906.6166 1 1
-77.095307 -77.016292 -1380757.7079 316354.7622 1 1
-77.099218 -77.026743 -1379658.7066 316003.8350 1 1
-77.133074 -77.021955 -1380358.6352 315305.8323 1 1
-77.158511 -77.005090 -1382307.3511 315105.3330 1 1
-77.195044 -76.991571 -1383958.2068 314553.4786 1 1
-77.234034 -76.971214 -1386356.0666 314106.4744 1 1
-77.271428 -76.954487 -1388355.7097 313607.0450 1 1
-77.278429 -76.945506 -1389357.7781 313654.9766 1 1
-77.247018 -76.933668 -1390455.9234 314704.1205 1 1
-77.185978 -76.922609 -1391306.2800 316455.1188 1 1
-77.165091 -76.928993 -1390505.9948 316806.2600 1 1
-77.138834 -76.928564 -1390406.7080 317453.9775 1 1
-77.114163 -76.936612 -1389406.7795 317855.1900 1 1
-77.125229 -76.946038 -1388457.1363 317355.7607 1 1
-77.099178 -76.949358 -1387956.6370 317905.4753 1 1
-77.075788 -76.943938 -1388407.9209 318605.4039 1 1
-77.062534 -76.932540 -1389556.3515 319207.3296 1 1
-77.077369 -76.917918 -1391206.9932 319207.3296 1 1
-77.100190 -76.899530 -1393306.1370 319104.8332 1 1
-77.130661 -76.902036 -1393206.8503 318302.4082 1 1
-77.151409 -76.889609 -1394655.0670 318101.9089 1 1
-77.191648 -76.880041 -1395904.7102 317355.7607 1 1
-77.217391 -76.868780 -1397255.5659 317002.6937 1 1
-77.239477 -76.861066 -1398205.4231 316651.5525 1 1
-77.280114 -76.852907 -1399305.4943 315857.4727 1 1
-77.284154 -76.840547 -1400654.4242 316058.1859 1 1
-77.305720 -76.833265 -1401555.0660 315707.0448 1 1
-77.363148 -76.826903 -1402553.9247 314455.2618 1 1
-77.390997 -76.819482 -1403503.5679 313951.7668 1 1
-77.431058 -76.799178 -1405903.5676 313456.6171 1 1
-77.452796 -76.802132 -1405704.9942 312852.5516 1 1
-77.499559 -76.797998 -1406404.0668 311803.6216 1 1
-77.580423 -76.777425 -1409053.7812 310305.3336 1 1
-77.607359 -76.762034 -1410853.9949 310006.4036 1 1
-77.634723 -76.746208 -1412703.2101 309705.5477 1 1
-77.652105 -76.747081 -1412703.2101 309256.4037 1 1
-77.682432 -76.736503 -1414004.2085 308756.9744 1 1
-77.695075 -76.725517 -1415253.6377 308702.6234 1 1
-77.687873 -76.723843 -1415394.8645 308919.8131 1 1
-77.665093 -76.718445 -1415852.3537 309609.4707 1 1
-77.607270 -76.711342 -1416302.7816 311205.9755 1 1
-77.612306 -76.701819 -1417353.8514 311306.3321 1 1
-77.580251 -76.682526 -1419253.3518 312555.9753 1 1
-77.597783 -76.674592 -1420201.9252 312309.2563 1 1
-77.582149 -76.665887 -1421052.4957 312902.8369 1 1
-77.604441 -76.646562 -1423251.7821 312806.5459 1 1
-77.647728 -76.652009 -1422901.9248 311602.9084 1 1
-77.661206 -76.627120 -1425651.7818 311853.6929 1 1
-77.674431 -76.615247 -1427000.7117 311803.6216 1 1
-77.703781 -76.618119 -1426851.3537 311005.2622 1 1
-77.696674 -76.606599 -1428051.7815 311452.4804 1 1
-77.715854 -76.586190 -1430351.4245 311452.4804 1 1
-77.757636 -76.552066 -1434249.7122 311205.9755 1 1
-77.791293 -76.535179 -1436249.5693 310756.6175 1 1
-77.828216 -76.538417 -1436101.0671 309755.8330 1 1
-77.889690 -76.508528 -1439650.3534 308905.2625 1 1
-77.910444 -76.509566 -1439650.3534 308359.8275 1 1
-77.970573 -76.498177 -1441199.7826 307110.1843 1 1
-78.106687 -76.457582 -1446299.5679 304606.8323 1 1
-78.217597 -76.442895 -1448469.7531 302136.8611 1 1
-78.230492 -76.440938 -1448748.7830 301854.8355 1 1
-78.268576 -76.424715 -1450698.3548 301255.0495 1 1
-78.282613 -76.404528 -1452948.9964 301351.1266 1 1
-78.323673 -76.380121 -1455797.0702 300853.8370 1 1
-78.305715 -76.362555 -1457597.2840 301702.2677 1 1
-78.266767 -76.339801 -1459845.7858 303202.6955 1 1
-78.233579 -76.326098 -1461147.6401 304356.0477 1 1
-78.180248 -76.322089 -1461295.9283 305806.4041 1 1
-78.175496 -76.309779 -1462597.7826 306205.4768 1 1
-78.258030 -76.280480 -1466197.3541 304755.1204 1 1
-78.346080 -76.269069 -1467895.0715 302755.4773 1 1
-78.370769 -76.247551 -1470347.2823 302600.7698 1 1
-78.353107 -76.213813 -1473894.4287 303804.4073 1 1
-78.362864 -76.195751 -1475895.3557 303954.8352 1 1
-78.388096 -76.171055 -1478694.4281 303852.5528 1 1
-78.359912 -76.163173 -1479395.4266 304755.1204 1 1
-78.323469 -76.149329 -1480695.1411 306004.7636 1 1
-78.313926 -76.131262 -1482593.7856 306654.6209 1 1
-78.242005 -76.104973 -1485043.8566 309105.7618 1 1
-78.162405 -76.079194 -1487393.5710 311751.4105 1 1
-78.120744 -76.053915 -1489892.8574 313406.3318 1 1
-78.002854 -76.046044 -1490093.3567 316651.5525 1 1
-77.963684 -76.037994 -1490744.2838 317855.1900 1 1
-77.951593 -76.016966 -1492943.7842 318653.5494 1 1
-77.856728 -76.015774 -1492542.5717 321152.6218 1 1
-77.785366 -76.009722 -1492793.3563 323152.4789 1 1
-77.664633 -75.992685 -1493943.7128 326698.5554 1 1
-77.591011 -75.993433 -1493442.1437 328600.1957 1 1
-77.574372 -76.007397 -1491843.4991 328702.6921 1 1
-77.570128 -76.060589 -1486093.8565 327551.2657 1 1
-77.575170 -76.135184 -1478094.6421 325651.7653 1 1
-77.469222 -76.216015 -1468795.7133 326452.0505 1 1
-77.394407 -76.260395 -1463596.6412 327302.6210 1 1
-77.268751 -76.293685 -1459298.2110 329703.4766 1 1
-77.184168 -76.314273 -1456598.4253 331354.3323 1 1
-77.109788 -76.342396 -1453147.3559 332553.9041 1 1
-77.005855 -76.355833 -1451099.5673 334856.5429 1 1
-76.910280 -76.394882 -1446349.8532 336302.6198 1 1
-76.739645 -76.478312 -1436398.9273 338501.0503 1 1
-76.617498 -76.541537 -1428901.2821 339951.1927 1 1
-76.463841 -76.569857 -1424952.9231 343052.1909 1 1
-76.311520 -76.582793 -1422652.2102 346502.1904 1 1
-76.171940 -76.579539 -1422151.7109 350052.5466 1 1
-76.078287 -76.591942 -1420252.2105 352048.1241 1 1
-75.907448 -76.632152 -1414902.7105 355203.4732 1 1
-75.814857 -76.653914 -1412004.3514 356902.4744 1 1
-75.678369 -76.659993 -1410501.7838 360099.5495 1 1
-75.606947 -76.654821 -1410603.2103 361999.0500 1 1
-75.565505 -76.633592 -1412604.1373 363601.7602 1 1
-75.477854 -76.606789 -1414902.7105 366502.2591 1 1
-75.320793 -76.611394 -1413402.2827 370250.9747 1 1
-75.040844 -76.588352 -1414027.1043 377807.2505 1 1
-75.029936 -76.587676 -1414027.1043 378095.6955 1 1
-74.946000 -76.597261 -1412452.6395 379892.6995 1 1
-74.415293 -76.658729 -1402355.3512 391141.2002 1 1
-74.316565 -76.669336 -1400555.1375 393241.4139 1 1
-74.163113 -76.672564 -1399155.0664 396894.0525 1 1
-74.018335 -76.664377 -1399014.0535 400676.3630 1 1
-74.008283 -76.663792 -1399005.7083 400939.5584 1 1
-73.864916 -76.660419 -1398354.7812 404542.1256 1 1
-73.703186 -76.665163 -1396706.0653 408341.1266 1 1
-73.420570 -76.683822 -1392706.3511 414639.4139 1 1
-73.234318 -76.695638 -1390105.8522 418789.3420 1 1
-72.954209 -76.678398 -1389856.1375 426136.5593 1 1
-72.664077 -76.661024 -1389506.0662 433738.8407 1 1
-72.527537 -76.665899 -1387956.6370 436887.7704 1 1
-72.302765 -76.711177 -1381483.9560 440814.3034 1 1
-72.177686 -76.724866 -1379083.9563 443367.9407 1 1
-71.955627 -76.741554 -1375608.9211 448140.5506 1 1
-71.846026 -76.745501 -1374336.3821 450635.7714 1 1
-71.834845 -76.745889 -1374207.7801 450890.6216 1 1
-71.742140 -76.750117 -1373034.5278 452967.7255 1 1
-71.659052 -76.753658 -1372006.3539 454835.7709 1 1
-71.222359 -76.750699 -1368808.2088 465384.3429 1 1
-71.033921 -76.745038 -1367859.4215 470086.1255 1 1
-70.804090 -76.733545 -1367157.3531 475985.1261 1 1
-70.597254 -76.712561 -1367608.6369 481684.6974 1 1
-70.341435 -76.674797 -1369358.7793 489184.4824 1 1
-70.252027 -76.665013 -1369607.4241 491684.6247 1 1
-70.227139 -76.652814 -1370657.4239 492733.7687 1 1
-70.184376 -76.645395 -1371057.5665 494033.4832 1 1
-70.145696 -76.628649 -1372457.6377 495585.0522 1 1
-70.157127 -76.614639 -1374007.2808 495834.7668 1 1
-70.172476 -76.598065 -1375856.4960 496085.5514 1 1
-70.149234 -76.572944 -1378256.4957 497582.7694 1 1
-70.111648 -76.554319 -1379858.1360 499184.4097 1 1
-70.102003 -76.535170 -1381756.5665 500134.2670 1 1
-70.156355 -76.505465 -1385306.9227 499933.5537 1 1
-70.183386 -76.475890 -1388606.4943 500383.9816 1 1
-70.135420 -76.430811 -1392855.9231 503233.1253 1 1
-70.038990 -76.390738 -1396155.2807 507083.2675 1 1
-69.910690 -76.353151 -1398904.2818 511630.3425 1 1
-69.551226 -76.323726 -1398703.7825 521529.0573 1 1
-69.281512 -76.302659 -1398403.7826 528928.4857 1 1
-69.221012 -76.294316 -1398703.7825 530730.8392 1 1
-69.000250 -76.301549 -1395904.7102 535830.6245 1 1
-68.679774 -76.292830 -1393780.5307 543979.1969 1 1
-68.532208 -76.286426 -1393031.3867 547825.2734 1 1
-68.271561 -76.248507 -1394405.3523 555703.1611 1 1
-68.386318 -76.236405 -1396755.0667 553400.3084 1 1
-68.340063 -76.210557 -1398954.5671 555578.8387 1 1
-68.179371 -76.178162 -1400704.4955 560826.9122 1 1
-68.114524 -76.163147 -1401604.0675 563028.5524 1 1
-68.004697 -76.142271 -1402655.1372 566575.6989 1 1
-67.789802 -76.131648 -1401604.0675 572275.0562 1 1
-67.626533 -76.127522 -1400388.0191 576439.7489 1 1
-67.522183 -76.127820 -1399305.4943 578976.6958 1 1
-67.435149 -76.120157 -1399204.2818 581425.6969 1 1
-67.280963 -76.105198 -1399155.0664 585825.5537 1 1
-67.161417 -76.095107 -1398954.5671 589175.1966 1 1
-67.080547 -76.086397 -1399005.7083 591522.9852 1 1
-67.079072 -76.077889 -1399854.1390 591924.1977 1 1
-67.057611 -76.079637 -1399454.8523 592373.3417 1 1
-66.997339 -76.072013 -1399604.4244 594173.5554 1 1
-66.946587 -76.068292 -1399454.8523 595573.6266 1 1
-66.794283 -76.052614 -1399454.8523 599972.4134 1 1
-66.597419 -76.032152 -1399454.8523 605673.0546 1 1
-66.529725 -76.026541 -1399305.4943 607572.3411 1 1
-66.552175 -76.036809 -1398505.2091 606573.6964 1 1
-66.503669 -76.034194 -1398255.4944 607872.3410 1 1
-66.355373 -76.021049 -1398004.7099 612070.4147 1 1
-66.231831 -76.004463 -1398354.7812 615820.2002 1 1
-66.082124 -75.976544 -1399554.1391 620719.4863 1 1
-65.938468 -75.955566 -1400104.9236 625169.4143 1 1
-65.811705 -75.937788 -1400506.1361 629068.5579 1 1
-65.699218 -75.919001 -1401155.9933 632669.1994 1 1
-65.563993 -75.890648 -1402504.7093 637267.4156 1 1
-65.533508 -75.876303 -1403604.9944 638668.5566 1 1
-65.532811 -75.860296 -1405203.6390 639416.6307 1 1
-65.517602 -75.853117 -1405754.2096 640117.6292 1 1
-65.511959 -75.837535 -1407254.6373 640968.1997 1 1
-65.516413 -75.823093 -1408753.7812 641518.7702 1 1
-65.506386 -75.816484 -1409304.5657 642067.4149 1 1
-65.479199 -75.817947 -1408853.0679 642669.1267 1 1
-65.453429 -75.809062 -1409454.9937 643709.7114 1 1
-65.447045 -75.806858 -1409604.3517 643967.7713 1 1
-65.427781 -75.807939 -1409279.3161 644392.0937 1 1
-65.316297 -75.803386 -1408479.0309 647342.6639 1 1
-65.241314 -75.798899 -1408079.9582 649392.5923 1 1
-65.168680 -75.793167 -1407829.1736 651442.5207 1 1
-65.118394 -75.793943 -1407179.3164 652641.8786 1 1
-65.055649 -75.789346 -1406923.3963 654396.3006 1 1
-65.045036 -75.788572 -1406879.5304 654692.8769 1 1
-65.007242 -75.786507 -1406653.7815 655716.9852 1 1
-64.965974 -75.779266 -1406904.5660 657067.8409 1 1
-64.945863 -75.783462 -1406254.7088 657365.7011 1 1
-64.842880 -75.769089 -1406505.4933 660565.9859 1 1
-64.689755 -75.744834 -1407153.2108 665466.1279 1 1
-64.614262 -75.737520 -1407003.8528 667665.4144 1 1
-64.540043 -75.724291 -1407455.1366 670114.6295 1 1
-64.451205 -75.712342 -1407603.4247 672864.4864 1 1
-64.357158 -75.693680 -1408352.5687 676064.7713 1 1
-64.299465 -75.687801 -1408255.4218 677763.7725 1 1
-64.243225 -75.680119 -1408352.5687 679513.9149 1 1
-64.196643 -75.666490 -1409153.0679 681313.0588 1 1
-64.182677 -75.666313 -1409004.5658 681665.0559 1 1
-63.993018 -75.630372 -1410303.4244 688063.6998 1 1
-63.848487 -75.598651 -1411704.3514 693161.3454 1 1
-63.628573 -75.543817 -1414453.3525 701261.7722 1 1
-63.338653 -75.462013 -1418953.3519 712460.2016 1 1
-63.193329 -75.418754 -1421402.5670 718209.8442 1 1
-63.115912 -75.392111 -1423053.4227 721459.3444 1 1
-63.079385 -75.374238 -1424352.0673 723259.5582 1 1
-63.066835 -75.365514 -1425051.9959 724007.6323 1 1
-63.072706 -75.354587 -1426201.4964 724407.7749 1 1
-63.134535 -75.347790 -1427651.6389 723207.3471 1 1
-63.187371 -75.344404 -1428651.5674 722059.1304 1 1
-63.265067 -75.339612 -1430101.7099 720359.0593 1 1
-63.357091 -75.338654 -1431351.3531 718108.6316 1 1
-63.436085 -75.337399 -1432464.0491 716196.5063 1 1
-63.445897 -75.337254 -1432600.9963 715958.3466 1 1
-63.503440 -75.344525 -1432600.9963 714161.1286 1 1
-63.550030 -75.357482 -1431900.8537 712358.9890 1 1
-63.609469 -75.375051 -1430901.9951 710011.2005 1 1
-63.639261 -75.380314 -1430750.4972 709009.1321 1 1
-63.677902 -75.390182 -1430252.1378 707561.1295 1 1
-63.722277 -75.399262 -1429901.2106 706009.5605 1 1
-63.761705 -75.402647 -1430051.6386 704860.2739 1 1
-63.779217 -75.396750 -1430850.8539 704710.7019 1 1
-63.766277 -75.393114 -1431051.5671 705211.2011 1 1
-63.733983 -75.384041 -1431551.8523 706460.8443 1 1
-63.711225 -75.371110 -1432550.7110 707661.4861 1 1
-63.741750 -75.369860 -1433051.2102 706959.2037 1 1
-63.730380 -75.364410 -1433450.2829 707509.7743 1 1
-63.697250 -75.348647 -1434600.6394 709109.4887 1 1
-63.693859 -75.347220 -1434699.9261 709264.1963 1 1
-63.660945 -75.333496 -1435649.7833 710760.3444 1 1
-63.717694 -75.328957 -1436802.2796 709559.9166 1 1
-63.791105 -75.327039 -1437900.2110 707811.9140 1 1
-63.888711 -75.329095 -1438900.1395 705261.4864 1 1
-63.961784 -75.337637 -1438951.2807 703011.9147 1 1
-64.061024 -75.357450 -1438200.2109 699561.9151 1 1
-64.065484 -75.359156 -1438085.3037 699367.6213 1 1
-64.135319 -75.386212 -1436249.5693 696311.5589 1 1
-64.161072 -75.402942 -1434900.6393 694861.2025 1 1
-64.195007 -75.421679 -1433450.2829 693111.0601 1 1
-64.198685 -75.431181 -1432550.7110 692562.6293 1 1
-64.176377 -75.435500 -1431851.8523 692912.7006 1 1
-64.206718 -75.445732 -1431201.9950 691663.0574 1 1
-64.305136 -75.460169 -1430952.2804 688512.8438 1 1
-64.461818 -75.485061 -1430351.4245 683413.0585 1 1
-64.420136 -75.478539 -1430502.9224 684764.1282 1 1
-64.391978 -75.468131 -1431201.9950 685963.4861 1 1
-64.368467 -75.454254 -1432300.9963 687213.1293 1 1
-64.298748 -75.435272 -1433351.2102 689863.9136 1 1
-64.266847 -75.425868 -1433901.7807 691112.4869 1 1
-64.215132 -75.407009 -1435151.4239 693311.7733 1 1
-64.187159 -75.379950 -1437501.1383 695312.7003 1 1
-64.152687 -75.348050 -1440251.2092 697712.4860 1 1
-64.294575 -75.364381 -1440350.4960 693361.8446 1 1
-64.397101 -75.387867 -1439251.2807 689663.2003 1 1
-64.483469 -75.415860 -1437501.1383 686162.0596 1 1
-64.552998 -75.441264 -1435801.2812 683212.5592 1 1
-64.582273 -75.455309 -1434750.2114 681813.5580 1 1
-64.599368 -75.466355 -1433852.5653 680862.6309 1 1
-64.604949 -75.476055 -1432951.9235 680263.9148 1 1
-64.626698 -75.485675 -1432250.9250 679265.0562 1 1
-64.634162 -75.485526 -1432354.2773 679085.5270 1 1
-64.676721 -75.484587 -1432951.9235 678065.6983 1 1
-64.663662 -75.473513 -1433901.7807 678915.1989 1 1
-64.616347 -75.467884 -1433901.7807 680365.3414 1 1
-64.610118 -75.460623 -1434551.6380 680864.7707 1 1
-64.615970 -75.443766 -1436301.7804 681515.6978 1 1
-64.611181 -75.441225 -1436498.2140 681755.9974 1 1
-64.607489 -75.439297 -1436646.5022 681939.8062 1 1
-64.599996 -75.435341 -1436951.6376 682314.9131 1 1
-64.595140 -75.425245 -1437900.2110 682914.6991 1 1
-64.582557 -75.418214 -1438450.9955 683563.4864 1 1
-64.594678 -75.409645 -1439449.8541 683664.9130 1 1
-64.561916 -75.391170 -1440899.9966 685363.7002 1 1
-64.497815 -75.371413 -1442100.4244 687914.1278 1 1
-64.456948 -75.349926 -1443749.1403 689965.1261 1 1
-64.419710 -75.330851 -1445199.4967 691812.4154 1 1
-64.430047 -75.319041 -1446500.2812 692114.3412 1 1
-64.419439 -75.303702 -1447899.2824 693113.1999 1 1
-64.395900 -75.297313 -1448250.4236 694012.7718 1 1
-64.332228 -75.274497 -1449748.4976 696712.7714 1 1
-64.306995 -75.265874 -1450299.2821 697763.8412 1 1
-64.286118 -75.248749 -1451748.3546 699112.5571 1 1
-64.194037 -75.224663 -1453016.8281 702602.3569 1 1
