-81.360580 -76.508804 -1455681.0931 221175.6023 1 1
-81.294643 -76.555904 -1450299.2821 222065.7591 1 1
-81.276184 -76.598902 -1445548.4981 221814.9745 1 1
-81.234832 -76.628206 -1442199.7111 222366.6150 1 1
-81.222060 -76.652566 -1439499.9255 222278.8832 1 1
-81.222049 -79.700374 -1108839.1992 171220.4734 1 2
-81.281839 -79.708961 -1108087.9154 169920.7589 1 2
-81.366743 -79.721437 -1106987.8443 168073.4696 1 2
-81.397916 -79.730599 -1106087.2024 167321.1159 1 2
-81.442421 -79.739170 -1105288.8431 166322.2573 1 2
-81.566652 -79.688021 -1111186.9878 164746.7225 1 2
-81.808087 -79.661581 -1114737.1300 160475.4677 1 2
-82.069070 -79.620269 -1119937.2719 156020.4041 1 2
-82.230184 -79.582818 -1124435.3455 153425.0407 1 2
-82.372232 -79.556338 -1127686.7716 151021.8313 1 2
-82.449342 -79.544381 -1129187.1994 149676.1111 1 2
-82.469360 -79.532027 -1130580.8511 149458.9214 1 2
-82.494261 -79.521059 -1131836.6997 149124.4707 1 2
-82.567333 -79.489670 -1135435.2014 148125.6120 1 2
-82.650712 -79.464493 -1138384.7017 146825.8975 1 2
-82.685154 -79.472670 -1137584.4165 146027.5381 1 2
-82.743935 -79.468052 -1138235.3437 144924.2573 1 2
-82.709667 -79.452079 -1139884.0596 145827.0389 1 2
-82.740814 -79.421501 -1143285.9136 145630.6052 1 2
-82.987774 -79.348563 -1151833.7727 141676.8968 1 2
-83.112407 -79.313698 -1155931.4897 139629.1082 1 2
-83.204649 -79.285875 -1159181.8459 138128.6804 1 2
-83.329729 -79.267940 -1161432.4875 135826.0416 1 2
-64.626698 -75.485675 -1432250.9250 679265.0562 1 3
-64.676721 -75.484587 -1432951.9235 678065.6983 1 3
-64.663662 -75.473513 -1433901.7807 678915.1989 1 3
-64.616347 -75.467884 -1433901.7807 680365.3414 1 3
-64.610118 -75.460623 -1434551.6380 680864.7707 1 3
-64.615970 -75.443766 -1436301.7804 681515.6978 1 3
-64.611181 -75.441225 -1436498.2140 681755.9974 1 3
-83.755583 -79.214508 -1168230.2041 127826.8273 1 4
-83.820289 -79.216737 -1168130.9174 126481.1071 1 4
-84.009521 -79.212248 -1169031.5592 122673.7609 1 4
-84.080735 -79.233818 -1166832.0588 120976.8995 1 4
-84.431744 -79.365130 -1153231.7040 112430.3244 1 5
-84.466765 -79.350619 -1154882.5597 111878.6839 1 5
-84.518711 -79.327241 -1157533.1300 111076.2589 1 5
-84.529388 -79.311403 -1159281.1326 111025.9736 1 5
-84.555491 -79.303618 -1160180.7045 110578.7554 1 5
-84.611256 -79.292569 -1161493.0438 109563.2063 1 5
-84.557813 -79.289435 -1161732.2735 110679.1120 1 5
-84.396713 -79.267740 -1163782.2019 114177.2571 1 5
-84.355442 -79.248192 -1165831.2744 115226.1870 1 5
-84.325273 -79.216905 -1169181.9872 116179.0400 1 5
-84.294766 -79.196167 -1171381.2736 117027.4707 1 5
-84.318210 -79.170468 -1174231.4872 116826.9714 1 5
-84.364568 -79.152093 -1176329.5611 116074.6177 1 5
-84.424727 -79.124793 -1179428.6335 115130.1100 1 5
-84.533632 -79.106601 -1181630.0597 113078.0418 1 5
-84.597405 -79.095368 -1182980.9154 111878.6839 1 5
-84.666978 -79.081956 -1184579.5600 110578.7554 1 5
-85.667836 -79.086991 -1185779.9878 89828.6869 1 6
-85.617268 -79.098174 -1184478.1335 90781.5398 1 6
-85.821724 -79.057619 -1189227.8476 86878.1166 1 7
-85.807681 -78.990224 -1196574.2089 87709.6429 1 7
-85.804766 -78.976442 -1198076.5625 87881.0409 1 7
-85.786599 -78.905307 -1205826.0622 88833.8938 1 7
-85.778506 -78.889636 -1207526.9892 89130.6841 1 7
-85.720455 -78.874163 -1209127.7736 90480.6839 1 7
-85.692174 -78.880167 -1208426.5611 91028.0448 1 7
-85.676828 -78.895044 -1206775.7054 91228.7580 1 7
-85.602207 -78.920920 -1203827.2750 92582.8234 1 7
-85.567715 -78.936420 -1202077.1326 93176.1900 1 7
-85.509433 -78.955670 -1199877.8461 94233.6791 1 7
-85.445337 -78.972548 -1197927.2045 95428.9714 1 7
-85.303108 -78.991395 -1195627.5614 98233.1793 1 7
-85.138659 -79.011650 -1193128.2750 101476.2602 1 7
-84.965272 -79.011994 -1192778.2037 105083.1071 1 7
-84.933622 -79.003222 -1193677.7756 105826.9016 1 7
-84.935888 -78.992725 -1194828.1321 105881.2525 1 7
-84.921984 -78.955411 -1198876.8477 106533.2495 1 7
-84.904683 -78.936792 -1200877.7747 107076.5448 1 7
-84.424763 -78.993246 -1193779.2022 116530.1812 1 8
-84.393537 -78.974773 -1195730.9137 117378.6119 1 8
-84.475911 -78.949297 -1198678.2743 115928.2554 1 8
-84.585312 -78.911441 -1203029.1296 114030.8948 1 8
-84.563986 -78.901441 -1204078.0596 114582.5352 1 8
-84.499336 -78.888350 -1205376.7042 116078.6834 1 8
-84.387206 -78.875243 -1206577.3460 118577.9698 1 8
-84.306490 -78.870504 -1206926.1334 120329.1821 1 8
-84.220156 -78.876615 -1206076.8467 122080.1804 1 8
-84.116665 -78.901611 -1203128.2023 123977.5411 1 8
-84.030858 -78.919607 -1200978.9872 125574.0459 1 8
-83.988274 -78.927457 -1200029.3440 126376.4709 1 8
-83.893886 -78.934246 -1199079.4868 128274.0455 1 8
-83.839303 -78.941833 -1198129.8435 129327.0411 1 8
-83.783592 -78.955821 -1196478.9878 130325.8997 1 8
-83.747083 -78.948615 -1197181.0562 131174.3304 1 8
-83.759415 -78.939256 -1198229.1302 131028.1821 1 8
-83.841575 -78.907937 -1201829.5577 129678.1823 1 8
-83.869003 -78.888790 -1203978.7728 129327.0411 1 8
-83.889334 -78.860765 -1207079.7710 129226.8984 1 8
-83.866124 -78.851141 -1208076.4898 129828.6102 1 8
-83.811412 -78.847247 -1208376.4898 131028.1821 1 8
-83.741372 -78.845310 -1208426.5611 132528.3959 1 8
-83.682584 -78.844496 -1208378.6296 133778.0391 1 8
-83.660881 -78.857789 -1206879.2717 134074.8293 1 8
-83.715085 -78.575062 -1237825.9153 136327.3968 1 9
-83.735956 -78.595689 -1235626.4148 135629.6080 1 9
-83.775967 -78.607121 -1234474.1325 134630.7494 1 9
-83.789203 -78.621137 -1232976.9145 134179.2516 1 9
-83.795156 -78.627244 -1232324.9174 133978.7523 1 9
-83.821009 -78.626869 -1232426.1300 133427.1119 1 9
-83.855810 -78.622559 -1232976.9145 132729.1091 1 9
-83.880878 -78.610734 -1234324.5605 132327.8966 1 9
-83.906596 -78.606228 -1234875.3450 131826.3275 1 9
-83.942974 -78.607444 -1234826.1296 131028.1821 1 9
-83.970144 -78.608491 -1234773.9185 130430.5359 1 9
-84.002968 -78.603656 -1235375.8443 129778.5389 1 9
-84.000947 -78.590321 -1236825.9867 129974.9725 1 9
-84.031735 -78.584093 -1237575.1307 129381.3920 1 9
-84.075849 -78.570802 -1239124.5599 128578.9670 1 9
-84.081538 -78.559925 -1240324.1318 128578.9670 1 9
-84.109127 -78.551789 -1241273.7750 128073.3323 1 9
-84.149516 -78.553523 -1241174.4883 127178.8959 1 9
-84.159057 -78.561960 -1240274.9164 126878.0400 1 9
-84.172058 -78.568198 -1239622.9193 126527.1128 1 9
-84.125305 -78.582357 -1237974.2034 127379.6091 1 9
-84.121295 -78.590071 -1237123.6329 127379.6091 1 9
-84.115867 -78.600493 -1235974.3463 127379.6091 1 9
-84.060403 -78.609431 -1234875.3450 128474.5448 1 9
-84.028457 -78.617018 -1233975.7731 129076.4705 1 9
-84.014438 -78.625885 -1232976.9145 129276.9698 1 9
-84.029746 -78.632177 -1232324.9174 128875.7573 1 9
-84.088414 -78.631092 -1232574.6321 127626.1141 1 9
-84.068410 -78.642137 -1231324.9889 127931.2495 1 9
-84.040041 -78.647964 -1230625.9162 128474.5448 1 9
-84.034268 -78.658839 -1229426.5583 128474.5448 1 9
-83.971794 -78.666726 -1228425.5599 129724.1880 1 9
-83.976597 -78.670494 -1228025.4173 129577.8256 1 9
-84.005966 -78.672461 -1227877.1291 128925.8286 1 9
-83.998686 -78.686066 -1226376.7014 128925.8286 1 9
-83.975021 -78.695214 -1225325.6316 129327.0411 1 9
-83.901282 -78.727595 -1221626.9873 130526.6130 1 9
-83.759368 -78.746151 -1219277.0590 133330.8209 1 9
-83.665582 -78.775335 -1215876.2748 134973.3313 1 9
-83.650290 -78.785542 -1214727.8442 135174.0446 1 9
-83.662310 -78.793145 -1213927.5590 134827.1830 1 9
-83.639901 -78.803675 -1212727.1312 135174.0446 1 9
-83.587045 -78.821321 -1210679.1286 136076.6122 1 9
-83.566341 -78.840592 -1208530.1274 136277.3255 1 9
-83.590892 -78.847110 -1207878.1304 135679.6793 1 9
-83.607499 -78.859850 -1206529.2005 135174.0446 1 9
-83.660881 -78.857789 -1206879.2717 134074.8293 1 9
-84.444569 -78.206221 -1279744.1693 124475.0446 1 10
-84.384601 -78.228599 -1277168.7060 125574.0459 1 10
-84.256515 -78.286840 -1270524.6270 127789.1668 1 10
-83.329729 -79.267940 -1161432.4875 135826.0416 1 11
-83.427409 -79.221359 -1166732.9861 134430.0361 1 11
-83.516376 -79.196194 -1169680.3466 132929.6084 1 11
-86.241284 -79.382730 -1154282.7738 75832.0411 1 12
-86.178664 -79.404371 -1151833.7727 76935.5359 1 12
-86.029448 -79.464275 -1145083.1316 79480.6141 1 12
-85.934579 -79.515202 -1139385.7001 80981.0418 1 12
-85.859926 -79.544899 -1136034.9873 82230.6850 1 12
-85.522649 -79.560430 -1133835.4869 88783.8225 1 12
-85.522649 -79.560430 -1133835.4869 88783.8225 1 13
-85.435540 -79.568789 -1132786.5569 90434.6782 1 13
-84.923265 -79.675097 -1120336.3446 99528.8282 1 13
-84.844277 -79.699964 -1117486.1310 100828.5427 1 13
-84.447081 -79.746513 -1111687.2730 108079.6830 1 13
-81.156552 -80.319405 -1041695.6989 162071.9725 1 14
-81.238984 -80.304449 -1043544.9141 160822.3293 1 14
-81.187854 -80.258267 -1048393.9148 162527.5359 1 14
-81.111246 -80.211389 -1053243.1296 164721.6869 1 14
-81.161457 -80.180349 -1056743.2005 164320.4744 1 14
-81.008245 -80.164223 -1058042.9150 167421.4725 1 14
-80.722416 -80.160062 -1057643.8423 172770.9725 1 14
-80.518121 -80.158456 -1057194.4843 176569.9734 1 14
-80.007928 -80.224668 -1048445.2700 184719.6157 1 14
-79.359388 -80.294323 -1038797.3398 195167.8312 1 14
-79.346908 -80.251162 -1043395.5560 196267.0464 1 14
-79.172198 -80.220882 -1046046.3403 200070.1130 1 14
-78.851891 -80.235003 -1043395.5560 205616.0466 1 14
-78.415571 -80.268629 -1038195.4141 212816.9016 1 14
-77.802178 -80.238337 -1039097.1258 224619.3964 1 14
-77.698000 -80.210192 -1041695.6989 227164.4745 1 14
-77.584861 -80.180711 -1044395.4846 229914.5455 1 14
-81.216919 -80.412068 -1031848.1253 159426.5378 1 15
-81.138308 -80.389686 -1034047.4118 161219.2622 1 15
-81.094476 -80.374203 -1035597.0549 162272.4718 1 15
-81.182928 -80.347388 -1038745.1287 161123.1852 1 15
-81.924556 -80.359821 -1039396.9118 147473.6150 1 16
-81.866767 -80.385690 -1036446.3415 148121.5464 1 16
-81.873616 -80.413090 -1033496.8412 147573.9716 1 16
-81.797553 -80.446372 -1029696.7704 148426.4679 1 16
-81.537943 -80.475191 -1025895.8437 152626.6813 1 16
-81.409046 -80.494154 -1023499.0537 154624.3986 1 16
-81.319295 -80.506698 -1021899.3392 156020.4041 1 16
-81.123183 -80.488299 -1023347.5558 159827.7503 1 16
-85.435121 -77.228701 -1388754.9964 110879.8253 1 17
-85.471436 -77.254419 -1386005.9954 109776.3304 1 17
-85.542345 -77.275712 -1383806.7089 107878.9698 1 17
-85.569472 -77.293048 -1381957.2798 107076.5448 1 17
-85.649578 -77.294868 -1381906.1386 105129.1128 1 17
-85.729874 -77.296199 -1381906.1386 103181.4668 1 17
-85.856367 -77.315112 -1380056.7094 99980.1120 1 17
-85.907243 -77.324576 -1379107.0662 98680.3975 1 17
-85.876114 -77.343239 -1377006.8525 99282.1093 1 17
-85.816368 -77.366455 -1374357.1381 100531.7525 1 17
-85.802525 -77.389028 -1371858.0657 100682.1804 1 17
-85.777328 -77.407781 -1369757.8520 101133.6782 1 17
-85.779904 -77.449769 -1365159.6358 100732.4657 1 17
-85.727034 -77.457133 -1364258.9940 101931.8236 1 17
-85.697331 -77.446603 -1365360.1351 102725.9034 1 17
-85.676077 -77.423002 -1367908.6369 103427.9718 1 17
-85.674576 -77.415219 -1368758.9934 103528.3284 1 17
-85.647816 -77.390145 -1371458.7790 104376.7591 1 17
-85.610309 -77.383598 -1372107.7804 105329.6120 1 17
-85.625463 -77.369715 -1373657.2096 105083.1071 1 17
-85.546391 -77.346025 -1376107.2806 107180.9670 1 17
-85.525189 -77.341553 -1376557.7085 107728.5418 1 17
-85.490834 -77.327273 -1378057.9222 108677.3291 1 17
-85.468918 -77.318685 -1378957.4942 109279.0409 1 17
-81.259823 -77.300827 -1369158.0661 210493.2927 1 18
-81.268022 -77.269808 -1372559.0642 210815.1187 1 18
-81.288069 -77.222650 -1377758.1363 211120.2541 1 18
-81.382970 -77.178492 -1382906.9230 209565.4755 1 18
-81.439616 -77.177172 -1383256.9943 208219.7552 1 18
-81.460302 -77.146590 -1386657.9924 208219.7552 1 18
-81.228081 -76.826062 -1420651.2832 219215.5455 1 19
-81.232655 -76.849204 -1418151.9968 218713.9764 1 19
-81.254736 -76.861006 -1416952.6389 217969.9679 1 19
-81.304192 -76.875152 -1415601.5692 216511.4802 1 19
-77.695075 -76.725517 -1415253.6377 308702.6234 1 20
-77.682432 -76.736503 -1414004.2085 308756.9744 1 20
-77.652105 -76.747081 -1412703.2101 309256.4037 1 20
-77.634723 -76.746208 -1412703.2101 309705.5477 1 20
-77.607359 -76.762034 -1410853.9949 310006.4036 1 20
-77.580423 -76.777425 -1409053.7812 310305.3336 1 20
-77.499559 -76.797998 -1406404.0668 311803.6216 1 20
-77.452796 -76.802132 -1405704.9942 312852.5516 1 20
-77.431058 -76.799178 -1405903.5676 313456.6171 1 20
-75.533088 -77.547058 -1315113.5654 339301.3355 1 21
-75.557449 -77.524908 -1317614.9916 339349.2670 1 21
-75.521916 -77.514484 -1318513.4937 340452.7619 1 21
-75.598493 -77.495721 -1320964.6346 339203.1187 1 21
-75.624203 -77.470399 -1323812.7084 339301.3355 1 21
-75.668434 -77.447500 -1326512.7080 338902.2628 1 21
-75.675293 -77.436129 -1327764.2770 339052.6907 1 21
-75.751777 -77.438964 -1327913.6351 337203.2616 1 21
-75.836657 -77.419726 -1330462.1369 335753.1191 1 21
-75.889165 -77.379916 -1335013.2775 335600.5514 1 21
-75.925936 -77.358966 -1337462.2786 335303.7611 1 21
-75.979899 -77.334256 -1340413.0628 334702.0494 1 21
-76.081415 -77.320134 -1342510.9227 332700.0525 1 21
-76.214330 -77.294547 -1346011.2075 330255.1170 1 21
-76.342357 -77.269131 -1349461.2071 327906.4725 1 21
-71.834845 -76.745889 -1374207.7801 450890.6216 1 22
-71.955627 -76.741554 -1375608.9211 448140.5506 1 22
-72.177686 -76.724866 -1379083.9563 443367.9407 1 22
-72.302765 -76.711177 -1381483.9560 440814.3034 1 22
-72.527537 -76.665899 -1387956.6370 436887.7704 1 22
-72.664077 -76.661024 -1389506.0662 433738.8407 1 22
-72.954209 -76.678398 -1389856.1375 426136.5593 1 22
-73.234318 -76.695638 -1390105.8522 418789.3420 1 22
-73.420570 -76.683822 -1392706.3511 414639.4139 1 22
-73.703186 -76.665163 -1396706.0653 408341.1266 1 22
-73.864916 -76.660419 -1398354.7812 404542.1256 1 22
-74.008283 -76.663792 -1399005.7083 400939.5584 1 22
-65.045036 -75.788572 -1406879.5304 654692.8769 1 23
-65.118394 -75.793943 -1407179.3164 652641.8786 1 23
-65.168680 -75.793167 -1407829.1736 651442.5207 1 23
-65.241314 -75.798899 -1408079.9582 649392.5923 1 23
-65.316297 -75.803386 -1408479.0309 647342.6639 1 23
-65.427781 -75.807939 -1409279.3161 644392.0937 1 23
-65.447045 -75.806858 -1409604.3517 643967.7713 1 23
-62.692840 -74.670658 -1488493.8562 768504.5593 1 24
-62.677858 -74.679294 -1487444.7122 768455.5579 1 24
-63.253340 -74.742036 -1488895.0687 750356.0596 1 25
-63.274387 -74.716971 -1491644.9256 751054.9182 1 25
-63.259124 -74.707355 -1492394.0696 751930.5244 1 25
-63.236274 -74.699244 -1492894.5688 752929.3830 1 25
-63.230656 -74.687093 -1494019.8897 753680.6668 1 25
-63.253856 -74.672454 -1495770.0321 753803.9193 1 25
-63.246241 -74.663849 -1496519.1761 754430.8807 1 25
-63.223449 -74.653205 -1497269.3899 755556.2015 1 25
-63.190765 -74.620212 -1500093.4980 758055.2739 1 25
-64.031359 -75.026435 -1470696.2836 716310.3437 1 26
-64.048015 -75.012424 -1472295.9981 716560.0584 1 26
-64.077897 -75.006362 -1473271.7469 716084.8088 1 26
-64.060715 -74.998424 -1473845.4273 716910.1296 1 26
-64.035155 -74.984125 -1474945.4985 718259.0596 1 26
-63.598600 -74.909168 -1476847.1387 733158.2730 1 27
-63.592183 -74.893208 -1478344.3568 734107.9162 1 27
-63.569550 -74.874594 -1479895.9258 735607.2741 1 27
-63.533827 -74.863880 -1480496.7816 737057.4165 1 27
-64.611181 -75.441225 -1436498.2140 681755.9974 1 28
-64.599996 -75.435341 -1436951.6376 682314.9131 1 28
-64.595140 -75.425245 -1437900.2110 682914.6991 1 28
-64.582557 -75.418214 -1438450.9955 683563.4864 1 28
-64.594678 -75.409645 -1439449.8541 683664.9130 1 28
-64.561916 -75.391170 -1440899.9966 685363.7002 1 28
-64.497815 -75.371413 -1442100.4244 687914.1278 1 28
-64.456948 -75.349926 -1443749.1403 689965.1261 1 28
-64.419710 -75.330851 -1445199.4967 691812.4154 1 28
-64.430047 -75.319041 -1446500.2812 692114.3412 1 28
-64.419439 -75.303702 -1447899.2824 693113.1999 1 28
-64.395900 -75.297313 -1448250.4236 694012.7718 1 28
-64.332228 -75.274497 -1449748.4976 696712.7714 1 28
-64.306995 -75.265874 -1450299.2821 697763.8412 1 28
-64.286118 -75.248749 -1451748.3546 699112.5571 1 28
-64.194037 -75.224663 -1453016.8281 702602.3569 1 28
-67.522183 -76.127820 -1399305.4943 578976.6958 1 29
-67.626533 -76.127522 -1400388.0191 576439.7489 1 29
-67.789802 -76.131648 -1401604.0675 572275.0562 1 29
-68.004697 -76.142271 -1402655.1372 566575.6989 1 29
-68.114524 -76.163147 -1401604.0675 563028.5524 1 29
-69.910690 -76.353151 -1398904.2818 511630.3425 1 30
-70.038990 -76.390738 -1396155.2807 507083.2675 1 30
-70.135420 -76.430811 -1392855.9231 503233.1253 1 30
-70.183386 -76.475890 -1388606.4943 500383.9816 1 30
-70.156355 -76.505465 -1385306.9227 499933.5537 1 30
-70.102003 -76.535170 -1381756.5665 500134.2670 1 30
-70.111648 -76.554319 -1379858.1360 499184.4097 1 30
-70.157127 -76.614639 -1374007.2808 495834.7668 1 30
-70.145696 -76.628649 -1372457.6377 495585.0522 1 30
-63.445897 -75.337254 -1432600.9963 715958.3466 1 31
-63.503440 -75.344525 -1432600.9963 714161.1286 1 31
-63.550030 -75.357482 -1431900.8537 712358.9890 1 31
-63.609469 -75.375051 -1430901.9951 710011.2005 1 31
-63.639261 -75.380314 -1430750.4972 709009.1321 1 31
-63.677902 -75.390182 -1430252.1378 707561.1295 1 31
-63.722277 -75.399262 -1429901.2106 706009.5605 1 31
-63.761705 -75.402647 -1430051.6386 704860.2739 1 31
-63.779217 -75.396750 -1430850.8539 704710.7019 1 31
-63.766277 -75.393114 -1431051.5671 705211.2011 1 31
-63.733983 -75.384041 -1431551.8523 706460.8443 1 31
-63.711225 -75.371110 -1432550.7110 707661.4861 1 31
-63.741750 -75.369860 -1433051.2102 706959.2037 1 31
-63.730380 -75.364410 -1433450.2829 707509.7743 1 31
-63.697250 -75.348647 -1434600.6394 709109.4887 1 31
-64.061024 -75.357450 -1438200.2109 699561.9151 1 32
-64.135319 -75.386212 -1436249.5693 696311.5589 1 32
-64.161072 -75.402942 -1434900.6393 694861.2025 1 32
-64.195007 -75.421679 -1433450.2829 693111.0601 1 32
-64.198685 -75.431181 -1432550.7110 692562.6293 1 32
-64.176377 -75.435500 -1431851.8523 692912.7006 1 32
-64.206718 -75.445732 -1431201.9950 691663.0574 1 32
-64.305136 -75.460169 -1430952.2804 688512.8438 1 32
-64.461818 -75.485061 -1430351.4245 683413.0585 1 32
-64.420136 -75.478539 -1430502.9224 684764.1282 1 32
-64.391978 -75.468131 -1431201.9950 685963.4861 1 32
-64.368467 -75.454254 -1432300.9963 687213.1293 1 32
-64.298748 -75.435272 -1433351.2102 689863.9136 1 32
-64.266847 -75.425868 -1433901.7807 691112.4869 1 32
-64.215132 -75.407009 -1435151.4239 693311.7733 1 32
-64.187159 -75.379950 -1437501.1383 695312.7003 1 32
-64.152687 -75.348050 -1440251.2092 697712.4860 1 32
-62.432117 -74.427731 -1508792.6409 787701.1330 1 33
-62.469727 -74.403940 -1511642.8545 787926.8819 1 33
-62.478769 -74.379729 -1514142.1409 788925.7406 1 33
-62.465972 -74.355511 -1516341.4273 790502.3452 1 33
-75.991322 -75.707354 -1514291.4989 377798.9052 1 34
-76.002081 -75.700537 -1515091.9981 377696.4088 1 34
-76.010080 -75.685156 -1516790.7853 377894.9823 1 34
-76.026152 -75.637096 -1522040.9986 378749.6184 1 34
-76.047369 -75.601055 -1526039.6429 379144.6255 1 34
-76.091137 -75.566388 -1530041.2401 378898.1205 1 34
-76.150358 -75.548119 -1532388.9644 377798.9052 1 34
-76.213212 -75.512791 -1536588.1080 377046.5516 1 34
-76.228289 -75.476396 -1540587.6937 377598.1920 1 34
-68.114524 -76.163147 -1401604.0675 563028.5524 1 35
-68.179371 -76.178162 -1400704.4955 560826.9122 1 35
-68.340063 -76.210557 -1398954.5671 555578.8387 1 35
